lhs,rhs
218,17
60,0
127,3
144,3
411,14
170,4
110,5
959,5
1487,2
8,1
1062,3
783,18
303,10
1469,0
1497,0
119,5
1438,0
353,7
95,2
1014,0
234,3
1071,17
422,2
199,6
125,2
1352,10
160,9
38,0
1185,6
297,18
240,3
467,0
408,1
730,0
958,1
598,5
661,16
307,0
218,7
229,1
952,0
1384,0
92,18
867,0
681,2
978,0
521,8
778,1
87,3
545,7
27,12
948,0
858,7
518,1
11,24
101,1
371,0
1213,2
1380,5
239,0
1161,4
215,10
196,3
182,4
116,4
227,0
246,17
206,0
215,1
1178,0
618,4
801,5
447,0
217,0
405,4
332,2
904,0
814,47
515,15
151,1
1372,11
734,0
883,0
375,5
1088,0
612,5
33,5
622,1
1295,25
614,5
499,2
87,0
340,3
1317,12
91,0
1133,0
291,13
187,10
1146,0
28,14
225,24
1465,6
292,0
197,3
110,9
96,0
724,24
218,0
376,0
667,2
18,0
1076,28
34,3
895,0
830,2
357,2
891,10
195,16
1149,3
27,0
1094,0
290,2
223,2
889,0
152,0
580,0
701,1
786,6
723,0
949,10
679,0
82,0
272,2
894,0
566,0
1032,2
567,0
246,8
605,1
443,4
1521,0
1390,1
421,24
553,0
291,0
960,5
410,0
1164,2
1030,6
195,0
1299,0
600,0
845,0
536,0
1097,0
1191,1
892,0
340,1
1020,0
1321,7
238,13
407,4
118,0
159,1
59,0
53,2
793,3
458,13
967,1
729,1
107,4
190,0
519,0
297,0
1013,3
36,33
423,11
28,2
952,0
1042,0
644,2
1479,0
80,0
253,0
1069,12
856,6
471,0
611,0
214,2
684,0
569,0
746,2
536,0
215,11
983,6
60,0
1259,1
748,10
485,0
80,2
75,10
332,2
1271,0
1162,4
491,1
1110,4
987,0
747,0
1170,11
325,0
446,2
1356,0
932,31
1286,6
1155,1
12,8
167,0
847,4
98,0
950,8
209,3
889,0
383,4
134,2
231,4
1098,12
197,10
325,3
5,0
295,0
1170,2
1191,1
966,0
85,4
263,0
577,0
986,30
339,5
824,1
304,0
1053,17
584,17
1107,0
138,2
974,8
199,15
814,3
1160,0
716,19
626,0
510,9
325,8
1003,0
878,0
1124,8
120,2
455,0
85,10
509,1
793,0
41,2
1249,2
786,0
1315,1
28,0
361,8
920,1
403,4
690,0
1024,1
41,20
626,4
877,24
621,4
1487,0
442,0
99,6
202,7
419,9
677,0
775,16
796,8
590,2
589,5
429,0
40,25
1278,0
433,2
1214,6
148,2
917,0
1127,3
536,0
555,2
51,13
1467,12
988,12
528,0
482,6
438,0
623,0
558,22
1072,0
1446,0
456,0
711,6
1188,0
1309,3
27,0
727,3
1026,8
416,1
1464,29
737,4
638,14
63,5
1435,0
823,0
547,0
1270,12
390,0
1212,0
344,9
1104,34
383,0
194,0
433,1
447,0
345,9
646,0
81,5
738,0
450,32
1444,1
1273,0
826,0
639,1
987,0
1394,6
452,12
1022,3
80,5
593,0
237,0
458,0
310,0
429,2
982,28
637,11
1129,0
1445,0
1041,1
173,1
27,2
452,0
858,7
238,1
1293,1
322,0
206,3
513,6
1239,0
673,1
806,1
353,0
318,2
12,3
389,6
1204,16
606,1
517,2
1323,1
320,9
791,1
213,0
865,1
988,3
834,0
620,15
838,0
0,6
1091,0
1219,0
713,3
386,0
800,0
7,0
28,4
569,16
1271,18
1313,5
271,1
549,35
329,3
1040,1
357,0
858,1
996,0
869,7
1007,0
210,0
138,11
95,0
22,2
49,0
288,0
158,0
1187,0
1240,0
30,3
1299,12
320,9
204,7
623,0
611,9
1088,0
1080,6
1289,0
637,4
851,2
689,3
1383,6
172,2
1377,0
967,0
1040,2
411,4
33,0
1046,0
389,2
464,0
458,2
715,8
111,14
372,6
257,0
894,0
34,21
738,0
1151,12
1084,9
951,10
1046,0
926,6
930,0
673,0
928,9
429,21
54,0
1385,18
1381,2
274,4
13,21
13,0
1394,0
375,12
713,0
579,20
492,0
696,4
92,2
1079,0
396,0
247,0
159,1
993,0
231,1
100,0
286,0
440,3
293,2
1013,10
984,4
1396,0
918,9
171,11
139,0
808,2
285,1
200,0
288,10
1337,0
988,5
1074,9
536,0
990,13
489,3
1201,24
1349,2
1297,0
808,0
109,6
958,0
615,2
1209,16
819,3
725,8
480,8
836,7
721,4
45,0
59,0
558,0
25,1
339,0
951,2
1399,0
308,7
550,0
804,3
733,0
158,0
246,2
492,16
97,2
1158,12
994,2
179,3
927,4
727,6
181,1
1133,0
450,0
630,0
120,1
540,1
576,8
573,0
179,1
307,1
1357,0
1069,0
716,36
497,12
1444,0
415,1
682,3
1198,1
151,11
1029,0
208,0
271,5
298,0
391,24
564,3
408,0
957,0
97,15
372,5
877,0
372,8
846,6
193,1
917,0
488,0
1166,7
548,12
1309,0
1249,0
507,0
238,4
221,4
114,5
1110,2
969,9
961,0
1169,5
440,22
214,2
555,2
667,1
1159,0
591,8
139,0
10,2
814,3
1464,5
881,11
452,3
1020,1
1048,0
472,3
330,0
708,0
925,3
324,9
59,0
498,3
1135,0
597,0
52,1
707,0
873,1
556,4
362,1
833,10
396,1
189,3
1277,1
768,0
1309,5
39,1
938,8
217,1
137,1
774,0
4,3
195,0
324,0
970,0
693,0
170,0
1203,8
440,1
148,0
955,0
831,1
155,17
291,7
166,0
306,1
820,0
84,9
276,4
943,3
65,0
13,16
130,3
352,1
204,1
1181,0
329,0
120,0
818,16
198,0
257,24
918,0
8,0
598,0
670,0
250,0
1215,16
838,4
1546,4
341,1
1242,0
4,0
107,0
220,9
484,13
740,0
1501,0
328,2
862,0
236,0
244,0
657,9
1267,1
1340,3
1036,4
417,5
151,1
256,2
133,8
641,13
186,21
1278,0
83,1
1385,0
957,1
624,2
1111,0
729,8
610,0
232,3
181,0
523,1
1517,3
175,0
492,2
51,1
649,6
338,19
440,0
226,3
1110,0
514,0
922,1
111,0
964,0
14,0
1307,0
915,1
267,18
889,0
434,19
220,4
277,4
838,0
1044,4
1152,4
679,0
1332,2
418,3
450,20
1023,9
523,7
956,0
102,0
148,4
658,0
1062,5
87,6
742,0
505,2
1043,0
1406,2
1136,0
366,1
548,0
343,0
731,4
624,3
547,5
896,3
717,4
31,0
556,0
589,0
327,0
334,4
97,12
52,0
145,5
942,4
701,1
1231,0
331,1
263,0
700,4
344,0
241,7
1215,0
928,17
3,1
1056,6
69,1
244,5
1383,0
1332,2
311,1
1163,0
475,1
440,0
457,8
1434,0
857,1
1447,0
418,0
251,2
575,0
292,0
677,4
33,0
130,0
362,0
846,3
330,0
637,1
556,4
228,6
247,9
8,8
373,0
663,0
551,7
1161,4
450,0
1130,2
280,3
457,6
811,1
642,5
476,3
300,0
1133,0
941,0
908,0
1050,1
388,0
427,0
534,10
288,1
1087,0
221,4
21,0
694,0
543,1
284,8
790,0
210,0
405,0
787,2
1242,0
82,0
816,12
476,13
312,0
1254,0
1293,6
411,3
966,0
168,2
518,0
154,0
1366,0
1,9
656,0
42,0
162,1
578,1
70,22
779,3
159,15
557,0
206,2
644,30
1365,3
580,0
665,2
1047,8
783,2
1288,1
241,0
428,6
686,1
390,0
1518,0
159,3
1387,3
704,0
15,0
324,0
1293,0
74,13
1520,5
237,6
641,8
887,5
28,1
537,0
720,1
1266,0
174,1
813,1
149,3
579,2
17,2
1125,1
914,3
301,1
249,1
898,1
527,5
1352,1
1146,2
540,12
96,1
271,0
82,0
695,17
98,1
136,8
1173,0
822,7
998,1
18,4
407,1
358,7
408,8
660,0
250,1
129,4
311,4
1204,6
891,0
727,3
1291,1
935,14
1347,0
1532,5
309,4
1149,3
1114,0
232,8
9,5
821,4
771,0
913,0
606,3
28,2
398,0
143,0
388,0
447,1
1236,4
92,0
797,4
285,1
355,8
1087,5
420,0
577,1
317,1
947,10
810,0
920,8
1412,9
1000,0
35,4
471,4
462,2
413,8
606,0
1086,0
1201,0
88,4
138,0
201,0
730,0
6,1
802,0
1215,17
572,7
582,3
534,0
1215,0
234,7
1323,0
408,0
344,0
408,7
1278,3
1468,0
947,4
1029,0
568,1
362,0
439,0
575,32
865,21
285,3
786,9
516,2
465,0
1142,4
681,2
923,3
180,8
102,0
193,15
473,2
602,3
278,12
707,4
199,8
39,16
230,6
743,0
352,0
1204,4
106,0
877,5
823,6
958,5
885,1
540,3
736,11
426,4
616,1
1340,7
672,1
631,1
738,2
576,0
884,4
251,5
885,4
1275,25
135,11
271,4
941,0
802,0
481,0
758,0
624,0
874,0
1268,7
414,0
682,1
977,0
765,1
985,9
926,2
535,0
223,7
941,1
267,8
662,8
1270,0
47,1
1400,14
162,17
1241,2
1336,10
673,5
1384,16
378,8
59,2
1314,8
146,0
228,8
412,0
695,0
324,0
424,0
165,0
666,5
78,3
214,0
794,2
525,0
311,15
121,7
102,0
453,6
759,2
71,6
1223,8
275,0
89,2
897,17
200,0
770,6
152,7
520,16
411,0
635,6
31,9
1438,4
557,0
359,3
743,11
86,0
1271,6
1168,8
349,0
161,5
36,4
780,0
718,0
102,0
208,1
547,3
1326,1
1080,1
112,1
64,0
509,3
233,0
78,19
198,11
213,0
850,8
17,12
519,4
773,1
295,32
261,0
1308,30
743,0
245,2
958,0
68,17
494,4
1117,0
663,3
882,0
591,0
195,0
491,1
847,0
280,0
131,4
678,0
706,7
244,19
596,15
498,0
964,11
170,1
199,5
412,0
1168,0
345,1
1445,0
706,6
701,3
290,3
259,3
1328,9
1366,0
1245,0
173,5
505,0
421,1
39,0
870,13
307,0
929,9
503,0
523,5
558,0
463,0
320,1
191,4
430,20
459,0
339,5
1028,5
208,7
584,0
69,4
877,3
832,10
361,0
644,0
1395,0
943,1
375,1
650,0
909,0
717,0
850,1
5,19
252,2
248,2
917,0
1514,7
196,2
407,0
244,2
882,0
1297,16
306,16
24,3
478,0
1075,0
1135,0
716,0
1355,0
256,0
1249,6
15,0
542,0
670,2
1089,0
760,0
102,0
257,0
755,8
1089,8
257,1
1203,0
830,1
1405,0
879,1
959,11
185,17
1121,0
673,0
547,2
916,1
387,0
289,1
1000,0
766,5
105,7
1269,0
116,0
290,1
266,13
103,0
156,1
1482,0
16,0
244,2
667,12
532,6
469,0
170,0
551,37
1034,1
136,0
1023,1
520,17
215,0
209,3
881,0
241,9
1036,0
100,1
580,17
40,1
398,0
441,0
143,4
254,4
1335,2
270,0
1340,10
40,0
120,0
850,0
276,5
1069,1
541,4
507,2
589,1
253,26
458,18
301,2
544,3
970,3
828,7
884,0
367,27
541,5
984,3
874,18
1209,1
355,0
254,0
500,14
925,0
813,0
779,7
429,4
193,1
483,6
574,2
982,3
292,0
988,8
902,0
307,0
253,11
684,3
762,1
1291,13
30,8
759,6
1077,1
690,3
50,0
690,1
558,0
419,1
640,3
496,2
1335,0
229,0
433,2
396,5
1279,12
715,0
1098,0
1070,6
379,20
936,4
1150,0
364,2
257,1
1351,1
1140,0
395,3
299,0
301,6
720,0
1085,0
423,3
854,1
1423,4
469,9
861,2
168,4
792,14
53,0
1251,20
1281,0
1035,1
202,6
254,1
1468,0
128,5
1375,3
57,5
584,1
891,6
1298,3
1489,1
50,0
226,0
524,11
815,2
824,0
1482,0
956,1
933,14
292,1
1007,0
294,3
198,0
982,1
1415,1
310,0
252,11
263,0
24,9
943,5
141,0
758,1
665,3
200,1
786,3
765,0
474,0
190,3
299,0
472,0
328,11
753,13
1433,3
1194,0
645,5
1292,2
1018,0
280,3
796,0
466,3
611,2
626,2
1243,1
534,8
416,3
458,3
296,8
518,0
5,1
487,15
349,14
442,17
37,0
377,1
1109,4
209,0
642,7
212,4
967,0
41,9
1075,3
1036,0
620,0
40,0
177,3
229,11
426,4
1459,10
908,0
695,3
602,7
1024,15
931,22
685,0
453,0
1069,0
498,2
523,1
865,2
1168,2
1112,0
1298,4
847,4
386,0
230,1
1173,3
350,0
20,21
1219,8
14,2
1183,1
1282,1
1176,1
1161,0
770,0
221,0
134,0
451,6
43,0
693,0
1160,11
953,1
268,0
974,6
805,0
349,21
1059,3
535,0
312,2
64,7
188,1
1253,0
148,2
49,0
1,12
1419,1
143,10
407,4
421,0
624,1
1103,2
906,2
213,1
413,8
71,0
964,3
304,1
200,3
143,0
884,1
345,1
597,0
666,0
425,0
861,6
427,0
941,6
1288,0
732,0
1218,14
182,0
185,17
819,0
1054,1
366,3
1389,6
29,8
644,0
167,3
503,0
99,1
600,0
385,1
371,10
47,0
624,4
73,0
1152,5
72,6
345,0
342,7
938,8
239,0
811,3
1481,1
411,4
598,0
32,7
454,0
608,1
138,0
102,27
211,0
1384,3
548,2
627,0
659,5
807,2
542,0
762,0
870,16
1355,0
286,0
409,4
1361,2
1493,3
1270,0
442,3
354,0
270,0
142,2
428,3
977,22
1102,0
79,0
489,1
290,5
232,18
188,0
304,5
902,0
1093,1
880,2
96,0
1120,0
332,9
550,0
199,0
974,1
125,0
659,0
806,4
729,0
1244,0
451,0
249,5
772,0
79,3
854,0
1241,3
869,9
1369,0
896,1
1004,3
481,0
146,0
551,1
913,5
716,4
51,1
783,0
493,5
638,0
456,0
1441,1
449,2
335,7
349,0
1091,0
853,0
915,2
567,5
1119,0
313,0
968,6
29,0
758,11
1379,1
314,20
727,23
113,15
127,0
1012,0
148,11
786,1
293,10
772,7
1546,5
269,0
6,1
1065,2
48,9
1037,11
943,4
416,17
869,7
22,1
674,1
283,5
1533,2
206,5
201,1
296,3
1022,0
1070,5
801,0
412,0
903,6
1104,0
450,0
1077,2
1115,5
275,0
728,1
43,1
998,5
367,0
1425,0
524,0
1312,1
101,12
198,0
955,0
233,5
1017,9
16,0
929,2
1076,0
18,4
38,2
641,1
1011,3
568,2
606,0
973,0
357,8
870,0
784,4
254,4
158,5
41,20
242,11
1290,0
417,0
499,8
384,0
967,2
202,0
880,1
1338,2
236,5
101,0
613,0
276,11
335,0
642,2
642,0
529,6
161,0
1118,1
513,7
738,4
180,14
1240,0
36,0
1028,1
1165,0
1011,0
372,0
700,0
261,11
1175,0
302,0
475,17
962,1
102,3
1254,2
98,2
1038,8
213,2
389,3
417,0
1020,1
617,9
637,0
500,1
95,0
493,1
157,13
374,0
999,26
139,3
176,0
1237,0
311,36
578,3
535,0
213,2
632,13
1328,17
1047,0
45,1
1156,0
642,5
1360,5
1197,18
783,5
448,4
1093,0
640,0
629,2
1282,9
114,0
1149,0
474,2
1309,30
485,0
1001,0
935,1
1181,0
598,1
383,0
498,11
64,10
103,7
104,1
1402,6
1412,10
20,6
801,3
917,0
1140,3
1407,3
703,3
758,13
1311,7
439,7
825,0
1151,1
293,15
494,0
1081,0
294,1
926,2
292,7
1196,1
1251,0
1359,15
523,6
523,8
123,0
991,0
980,6
316,10
140,4
136,0
253,0
1134,0
1320,9
1366,6
639,0
1140,15
93,0
93,9
94,29
527,4
315,0
1210,4
387,5
769,12
122,0
158,7
940,2
631,0
1414,0
1003,0
523,0
931,1
607,5
636,5
1284,22
1196,2
467,0
542,0
370,29
920,5
433,3
731,9
967,9
346,0
71,1
1308,0
1079,8
729,1
5,0
1190,11
706,7
404,8
562,0
434,0
464,0
393,1
1182,1
520,8
51,1
268,0
684,8
1437,5
384,5
269,0
116,0
356,5
863,0
630,20
1444,0
523,7
1436,1
785,5
278,0
218,0
1073,4
67,0
807,1
732,13
1047,0
1530,1
14,1
227,2
60,6
773,0
302,3
831,0
1241,28
195,0
1212,0
125,1
1257,0
620,5
163,0
339,6
113,0
398,3
756,3
319,26
604,0
481,0
49,0
1219,7
768,10
232,1
872,5
1046,1
90,0
147,0
201,5
1336,0
724,4
1172,0
1486,0
336,1
1080,2
85,4
810,0
468,5
256,1
329,1
844,1
334,0
401,11
681,5
1233,0
593,21
232,18
57,0
370,12
801,10
272,1
490,3
229,0
202,0
184,0
894,6
799,1
200,2
73,0
736,0
240,0
387,0
790,13
30,0
395,0
474,15
392,0
1061,9
439,0
287,11
890,17
390,0
458,0
1278,19
572,0
176,6
525,0
201,4
1222,1
1244,7
18,1
444,0
783,24
645,32
743,0
641,1
1343,5
505,7
1085,3
867,4
218,2
1381,8
1311,4
105,5
446,2
532,1
1069,6
915,0
269,7
349,9
453,5
1111,2
1244,0
1134,3
437,0
57,3
452,9
69,1
971,7
644,11
803,1
830,11
1074,8
160,18
139,3
955,2
1334,5
1279,16
297,31
1398,5
1325,2
188,0
773,1
628,0
916,1
979,0
268,6
1356,14
665,14
687,7
717,6
1260,1
894,1
789,0
19,0
1478,36
171,0
129,5
222,3
119,0
1142,12
675,6
734,0
778,7
1252,1
321,1
992,0
600,27
1141,0
959,19
402,0
1164,5
76,0
557,0
415,6
234,2
883,0
696,1
277,2
822,0
1208,19
46,6
327,0
294,0
1022,0
758,19
1056,8
785,15
567,0
319,4
102,0
842,0
340,0
1450,9
492,4
646,9
715,1
1024,3
1023,2
52,1
236,16
709,3
366,0
1417,0
455,3
283,0
583,9
344,9
1218,18
617,2
126,4
171,17
578,11
204,1
333,20
223,11
53,1
1327,1
1377,0
511,12
213,7
289,0
212,1
1295,4
695,9
489,1
93,3
1318,0
923,9
1239,9
774,7
1267,9
600,1
977,1
1358,1
489,2
960,4
148,9
611,6
1104,7
189,1
955,2
937,0
454,23
773,8
458,1
213,3
526,0
963,3
343,0
1088,6
661,0
946,4
406,23
487,1
1247,2
731,1
943,19
425,1
898,0
1240,0
261,12
1281,0
624,0
367,19
521,6
387,1
920,9
841,1
1034,1
436,4
918,9
401,21
237,1
420,0
346,13
325,0
366,4
69,5
752,0
1363,0
2,0
1035,7
969,0
744,0
894,0
420,9
630,1
228,0
327,1
566,0
4,1
653,0
876,10
369,3
273,0
853,17
275,0
1240,10
71,10
72,1
161,17
652,5
104,1
381,1
287,3
586,1
500,0
1297,0
826,1
63,0
521,1
511,12
165,2
661,8
832,0
771,3
1121,3
1344,4
203,11
636,3
41,6
688,0
603,2
785,0
1121,2
702,0
765,0
8,2
202,1
405,11
1527,1
1111,0
520,0
330,0
1004,0
315,7
354,2
825,12
297,2
957,5
520,0
32,13
1515,25
919,7
3,2
227,0
832,5
203,10
158,0
935,3
563,18
703,4
1070,0
571,6
1242,0
897,0
1117,11
951,0
862,1
137,1
759,1
544,2
362,5
867,0
430,1
918,0
610,10
322,0
1023,1
998,5
472,6
1105,1
699,8
844,4
246,1
217,0
318,3
1138,11
375,13
157,6
837,0
112,9
1351,3
303,1
978,2
1153,3
825,0
465,3
560,0
335,1
368,9
1335,7
758,23
768,0
327,1
552,1
179,19
1334,1
8,0
833,5
12,15
492,8
385,4
236,0
490,0
986,8
993,0
895,1
86,0
1309,0
1047,0
278,0
231,2
12,0
295,1
661,4
790,15
629,8
1333,0
628,5
263,14
585,7
1053,1
1109,4
481,0
308,0
701,3
3,16
633,6
847,1
1128,13
1342,0
262,0
61,3
177,9
631,9
1085,0
51,0
391,0
1331,2
872,14
893,0
1085,1
1309,5
945,3
823,2
519,0
861,0
848,3
452,0
558,0
406,0
168,2
423,0
19,2
178,5
1464,5
65,0
923,1
490,0
965,6
97,0
161,2
281,0
184,0
338,1
169,16
953,0
543,33
287,5
1356,14
1268,0
270,5
321,19
501,2
644,0
827,1
589,0
878,6
340,0
229,14
149,2
190,8
370,12
887,8
12,0
391,3
1115,0
759,3
1072,1
634,0
919,5
164,0
925,1
250,10
389,1
834,5
963,0
656,2
650,1
316,0
10,0
448,6
1138,1
265,19
49,0
47,0
166,15
992,1
459,0
831,0
1429,3
241,1
184,0
362,12
761,0
299,7
458,0
1156,0
226,18
34,5
565,3
362,2
159,0
386,3
561,0
746,3
157,1
73,3
272,0
1168,23
1171,8
307,1
587,1
38,3
62,0
338,16
967,0
85,4
377,4
589,0
55,2
476,1
465,0
1106,0
292,6
319,0
0,16
547,9
1130,6
159,12
58,6
789,0
807,5
212,2
455,0
324,9
323,0
1437,4
158,1
1541,8
545,7
254,2
286,0
1097,0
893,0
631,2
720,0
1181,5
10,12
215,1
153,1
1276,8
996,43
1158,3
115,3
1386,9
319,0
1208,0
391,0
39,0
645,0
723,0
754,8
24,2
587,7
944,15
72,0
705,0
304,2
481,26
195,0
845,3
550,4
694,0
775,3
216,1
1345,3
690,2
546,0
594,14
1380,0
1135,0
92,2
7,5
686,18
277,7
864,9
306,0
1214,0
332,17
848,15
317,5
834,1
206,3
265,0
581,0
490,11
1510,0
609,4
466,0
350,8
261,0
552,6
923,0
926,0
392,3
231,0
380,0
1049,1
1197,0
840,0
1343,2
1436,3
400,4
1088,6
69,7
142,0
225,0
298,24
133,5
1300,1
331,0
438,15
1074,0
729,2
31,0
999,1
949,4
577,4
861,6
141,0
1422,2
26,0
450,34
327,0
90,13
1476,6
777,2
158,22
559,0
273,28
10,2
983,2
883,1
375,2
317,0
703,0
745,0
655,0
787,3
578,0
1108,0
669,5
203,7
333,0
252,0
1030,3
875,23
787,2
868,7
734,11
95,8
826,37
24,0
256,9
1198,9
760,3
1192,3
241,0
228,0
121,1
200,26
1361,1
153,0
169,20
1036,1
114,0
122,14
126,1
1393,0
215,0
421,2
258,0
684,12
886,6
259,0
295,7
807,4
549,2
223,2
306,3
497,8
1078,10
154,0
4,31
374,3
822,11
800,3
539,9
550,0
954,0
1493,6
859,0
50,20
1079,0
810,9
311,0
313,4
364,0
419,4
545,9
1060,4
772,0
260,7
1508,18
487,2
455,0
503,0
922,3
1471,3
348,11
207,0
1223,16
1158,3
681,1
625,6
725,15
471,4
365,0
791,10
204,1
792,1
200,9
1049,11
1131,2
1041,2
787,0
1432,0
58,2
36,4
1436,0
1024,0
54,0
960,8
592,7
246,0
443,0
367,2
340,0
500,2
496,0
776,4
29,0
1003,4
826,12
148,0
1215,0
731,8
849,0
249,0
954,0
231,3
477,0
1148,0
774,3
952,0
306,0
169,1
99,1
654,12
742,7
856,0
236,8
1020,0
428,0
124,1
5,1
507,0
1169,3
672,10
989,0
151,4
1444,4
0,2
824,0
70,0
450,0
837,2
228,7
94,1
854,2
210,3
1088,4
1334,3
1368,1
980,3
181,0
92,3
632,0
40,0
1441,1
38,11
275,0
303,7
740,1
102,0
306,2
1282,1
683,0
1388,5
1166,3
477,10
364,15
842,1
194,0
670,2
145,0
265,2
189,2
495,25
1462,5
509,0
297,7
467,30
838,0
903,3
1010,0
1407,0
48,6
892,18
767,6
1307,0
908,4
501,0
382,2
480,0
1078,0
1258,0
238,0
981,20
698,10
1374,0
545,0
1538,0
940,3
537,3
36,13
848,3
612,0
472,0
880,1
153,0
517,0
180,4
654,4
714,0
678,0
433,11
444,11
1121,2
465,2
723,1
234,5
464,4
310,3
235,0
230,0
167,9
44,0
1250,3
1361,6
496,2
158,8
1088,0
357,5
451,32
311,0
966,0
200,0
496,0
568,0
258,0
212,2
332,4
1241,3
650,3
910,0
503,2
822,12
150,3
841,3
34,1
1074,23
1188,0
498,3
1199,0
893,7
494,0
554,1
693,4
806,4
212,0
369,6
947,12
379,0
645,0
640,6
1157,10
1171,2
773,1
1013,3
507,0
198,0
720,0
1185,17
229,0
297,0
603,1
245,1
1080,7
253,2
963,1
383,5
853,1
426,0
665,3
455,2
461,14
538,24
1152,1
565,13
451,10
1190,3
840,6
929,16
537,11
9,42
790,1
831,1
713,2
338,0
193,8
69,12
1408,0
1106,1
1048,5
266,0
525,2
137,2
1283,0
483,6
429,1
599,0
26,4
1115,0
1062,0
758,9
284,1
698,5
413,1
889,9
613,1
163,7
508,0
384,1
386,10
1075,2
180,2
611,6
885,3
850,0
668,0
1030,4
35,5
737,22
64,3
824,0
789,0
188,6
1,4
1332,0
9,2
1475,2
524,6
1110,0
192,17
888,9
926,0
43,1
425,0
25,0
953,1
902,0
1339,16
1289,0
45,0
95,4
1162,1
337,3
632,0
1218,6
160,42
277,0
1485,1
1468,0
755,0
437,0
741,0
85,3
1167,0
1360,0
947,1
653,3
1027,4
663,1
261,9
703,1
565,0
998,3
983,2
822,0
101,5
1427,0
588,1
1039,2
99,2
554,21
1435,1
58,3
1064,9
125,17
939,0
817,1
668,0
197,0
1267,4
157,0
13,3
82,2
1422,3
41,11
852,1
813,3
694,0
1000,0
933,0
1249,0
297,0
1031,5
1040,0
882,4
663,7
788,0
1526,0
588,1
15,6
163,2
254,9
1256,0
1138,4
615,2
1097,2
730,5
369,0
1148,2
456,8
303,2
254,0
238,5
1009,0
1298,1
317,2
155,8
927,22
317,13
43,1
1475,6
940,0
225,0
526,3
1051,0
456,19
117,0
621,21
390,5
203,6
948,0
381,0
549,1
1450,10
1384,5
1044,1
99,5
115,4
813,0
246,2
563,0
1190,3
376,13
497,1
335,12
478,0
885,1
668,7
399,0
978,0
53,0
763,11
74,9
647,0
1109,1
570,2
751,41
778,0
1006,0
1244,0
203,2
250,22
668,0
1322,2
785,4
268,0
1223,0
1218,1
780,4
856,2
769,0
298,6
530,1
1104,0
850,0
785,7
946,0
55,0
1353,6
608,1
279,0
39,4
340,0
409,5
348,2
1486,0
856,0
183,3
402,10
120,0
287,0
336,0
1192,6
349,4
945,1
760,1
249,2
556,5
439,0
37,28
1260,1
328,7
521,0
509,3
469,0
1039,0
1272,0
117,4
567,25
1523,2
372,0
74,4
411,2
96,5
114,0
998,0
1071,0
942,0
628,0
524,0
104,10
157,2
929,1
113,13
30,4
460,4
1201,15
219,4
20,4
138,0
19,1
21,8
577,25
715,0
402,13
195,7
399,21
127,5
509,16
276,0
266,2
1029,0
1176,2
220,2
577,0
194,0
109,15
294,18
255,0
658,0
1347,1
303,3
798,0
936,4
1361,0
469,0
958,0
303,0
218,7
978,1
60,0
5,5
980,21
307,1
312,1
192,1
1080,1
533,18
164,0
1268,5
841,12
75,0
633,10
992,15
388,6
100,2
401,13
360,0
783,2
235,2
29,0
1126,0
242,6
314,0
169,1
801,0
509,9
1185,3
41,5
626,2
458,2
103,4
769,0
547,0
1007,9
1168,0
1337,1
592,0
121,6
1417,1
130,3
1050,0
977,0
919,1
104,0
98,1
162,0
476,5
23,11
589,0
1403,6
201,0
643,3
634,16
1388,0
1224,0
848,1
379,8
611,0
586,0
1066,1
984,0
192,11
233,0
498,0
60,3
358,0
1286,0
1349,7
1197,6
237,2
1027,3
72,0
742,0
712,4
310,1
132,9
1443,1
431,16
371,0
152,0
316,0
959,3
354,5
1158,4
254,25
839,0
303,4
528,19
1239,2
1033,4
180,0
198,5
1438,7
688,11
750,4
279,2
981,0
914,6
494,0
436,3
19,6
59,0
1059,1
800,3
153,0
105,10
473,13
270,0
611,0
1035,9
63,0
1316,10
1194,0
1435,1
182,1
341,32
700,0
320,1
338,0
92,0
110,0
1213,0
306,0
0,0
1454,10
667,6
636,0
1112,3
86,7
116,0
1114,0
1245,8
787,0
1164,4
974,3
130,2
644,0
1409,0
1438,17
94,0
131,15
1072,5
1064,1
350,4
1047,11
1181,4
483,17
494,0
1032,4
506,0
564,1
148,2
661,3
440,4
104,19
475,7
259,0
381,1
87,15
123,0
114,9
699,3
1218,1
1020,8
188,4
458,0
323,3
405,0
641,2
66,6
257,14
208,1
148,4
292,0
463,3
132,18
473,0
477,4
879,2
577,0
183,16
804,0
1138,1
880,20
624,1
589,2
1396,0
118,0
1439,8
1297,2
1281,0
36,5
435,2
363,6
662,0
937,6
1233,1
305,0
63,0
433,1
877,5
1075,0
1202,0
1029,8
745,20
821,0
62,5
12,4
971,2
850,1
246,0
1190,1
728,13
994,8
1285,0
1302,1
603,2
1109,6
308,15
257,0
717,4
260,1
750,7
936,0
1375,2
113,0
548,11
772,4
440,3
140,1
108,7
956,0
981,7
484,3
47,0
1300,1
375,11
51,19
298,3
33,1
1527,0
497,0
2,2
156,3
264,0
166,15
270,1
328,1
313,1
867,8
650,4
1265,0
750,0
712,0
773,0
962,1
1006,0
73,0
1264,3
93,1
314,1
843,2
202,0
389,1
1068,15
367,0
655,0
1107,17
800,7
620,3
1243,26
362,0
105,2
510,3
1066,0
336,1
1416,8
345,26
219,4
618,0
127,5
480,1
1153,0
518,1
1001,4
1463,0
330,0
575,0
109,3
961,1
669,0
487,1
471,0
73,0
709,19
790,2
1009,1
426,0
1346,1
1033,0
333,0
800,9
1057,11
731,7
1294,0
642,1
280,0
736,0
954,11
615,1
643,0
420,1
1369,0
166,0
638,0
581,13
911,1
134,0
45,0
712,4
1181,7
633,6
568,0
874,7
6,0
1059,0
531,0
1128,2
492,0
748,7
1175,25
918,0
1299,4
506,0
774,2
888,2
42,0
168,13
738,1
567,0
1468,0
157,2
1537,4
814,0
761,3
481,0
268,1
35,0
721,1
132,1
497,2
1492,3
990,2
329,8
1485,0
475,0
995,4
502,5
1360,0
82,0
35,4
710,2
269,17
1163,14
1459,0
1049,20
45,0
711,7
1424,1
525,14
1308,2
1278,1
102,0
1014,0
479,3
783,16
419,2
273,0
112,10
21,0
231,1
384,0
9,0
311,0
498,8
411,4
200,10
342,0
156,3
171,0
1238,0
1067,0
93,0
898,6
1342,0
367,6
185,8
507,0
402,0
78,2
645,1
208,0
519,0
892,1
518,12
1362,0
227,1
113,0
402,0
366,3
1158,2
853,0
231,5
1187,4
921,0
739,16
26,2
282,0
554,13
938,1
940,4
812,25
179,5
521,4
845,2
808,0
1083,21
986,1
596,9
510,0
365,0
145,0
837,9
499,0
115,2
1374,3
1350,0
683,6
1122,17
128,2
300,10
58,1
217,0
1390,0
294,14
1121,0
459,0
51,0
730,0
260,1
346,0
819,7
1309,1
436,0
954,0
7,4
267,14
750,0
747,0
110,2
180,3
1357,0
394,0
190,0
1251,11
1247,1
1163,1
860,13
773,0
908,5
84,0
141,0
642,2
1179,5
367,2
101,0
848,0
491,0
1148,2
109,0
898,1
1330,19
1408,7
1040,17
1322,0
248,8
750,8
171,1
881,0
26,5
648,1
78,0
1218,0
927,0
642,0
505,9
704,0
961,16
901,13
1093,8
495,1
386,9
100,1
667,13
895,0
137,2
690,4
817,0
162,9
260,17
757,0
1169,1
299,1
957,3
1357,6
524,9
548,4
797,0
617,0
1319,5
49,0
839,4
673,0
701,5
1040,0
590,1
499,7
66,0
723,0
846,0
1311,1
1142,8
15,1
1089,8
108,0
632,4
149,2
239,1
1113,0
609,11
466,0
1294,0
86,1
160,0
517,5
1180,0
399,0
135,0
1071,0
1057,2
381,0
1004,4
0,20
277,1
290,4
59,21
1318,0
123,8
161,3
10,0
627,1
753,0
510,0
91,0
332,18
1061,4
1058,16
976,9
33,0
593,0
230,0
1023,1
230,2
25,0
542,0
264,0
68,0
672,0
433,1
651,1
662,0
804,11
700,16
1353,3
569,13
106,4
528,0
765,0
1197,5
618,5
684,1
245,18
193,0
842,7
1091,0
569,0
100,3
104,19
550,14
66,1
821,3
94,1
31,0
351,6
1192,0
1486,9
1167,14
403,0
392,3
399,0
825,0
653,3
726,0
1370,24
1389,9
1161,0
664,7
1309,2
481,0
33,6
864,0
1206,1
489,10
13,6
323,31
439,5
726,0
637,2
100,3
563,0
219,5
734,15
821,3
551,2
605,7
886,6
831,0
133,0
732,0
1275,1
631,1
1161,0
251,2
1144,0
698,3
37,1
443,4
1394,11
1296,0
534,0
1153,1
1005,0
1228,5
1097,0
164,0
1221,0
1061,0
30,0
1301,15
383,0
1207,0
693,2
1201,0
672,0
108,0
587,6
498,5
969,5
316,2
708,1
1329,0
250,7
533,1
403,0
1352,1
683,0
211,21
1338,0
223,0
505,0
663,1
63,47
1200,0
170,5
1260,4
181,0
274,2
358,0
672,1
1390,0
200,4
607,6
621,2
431,2
82,4
500,3
194,5
255,0
763,10
557,0
1297,2
1173,0
55,14
910,3
147,0
637,0
133,0
1119,0
1204,0
52,3
942,6
1240,3
221,0
585,0
140,2
58,18
186,4
887,1
593,8
36,2
545,6
748,0
441,0
811,14
659,10
997,1
1186,6
571,7
313,7
1068,22
23,13
455,0
330,0
492,1
779,1
969,15
106,0
491,2
794,0
356,0
452,1
414,0
1171,0
1209,0
1020,0
319,7
442,2
851,0
521,0
961,1
379,2
1072,0
191,2
1542,2
188,0
955,4
1154,13
221,0
76,0
1329,2
209,0
254,0
753,3
1251,6
1338,0
962,0
284,0
735,1
543,1
488,0
0,0
20,3
893,4
953,1
210,3
436,1
183,0
678,1
181,5
1260,2
1026,0
639,4
1167,0
479,0
13,8
180,3
416,8
819,17
31,8
923,3
51,0
684,15
90,4
132,2
231,0
981,0
285,0
361,0
637,2
1052,3
535,4
501,0
592,0
999,2
525,1
299,5
1371,3
344,1
615,0
90,2
118,1
102,5
343,25
1063,12
537,1
115,1
980,0
691,7
1065,1
1223,2
731,0
996,9
498,0
31,0
837,2
302,0
557,1
929,4
625,3
82,0
589,14
982,1
511,0
1281,1
198,0
457,3
307,0
15,0
300,10
498,0
1381,0
351,1
511,1
518,7
841,4
317,8
394,4
440,0
