lhs,rhs
2713,1679
4068,358
10727,268
3706,2019
7107,268
9475,1870
1341,618
18050,597
11297,869
8700,415
26017,3859
21083,687
25251,2478
1575,312
15272,2675
329,662
2300,158
1246,834
181,1097
4669,887
2804,1658
15376,2322
10033,704
13274,2294
30006,1561
18891,959
4388,56
21664,166
2106,1018
20673,88
2755,1124
13832,2213
1163,987
25542,217
115,2253
360,1333
18695,579
80,407
5124,77
18467,1358
11618,204
12204,604
78,774
10629,334
697,2225
5981,14
3375,121
22556,574
28336,918
710,543
16277,571
15103,794
25860,1804
1486,549
1995,849
967,152
15087,1595
2273,3279
26110,1231
16574,2084
17966,1299
1190,656
3595,823
1283,1917
11816,1563
54,2369
2129,662
1690,1095
21658,967
11629,2354
1004,2065
2415,1354
13357,641
27010,1505
31263,376
12601,1379
16878,71
4067,1167
15026,3635
99,3115
18308,1348
1402,4020
225,21
2843,2829
30449,1038
15,1304
113,4453
28813,1379
6937,201
9906,448
20601,2091
11459,326
27,308
8987,949
8115,1162
19210,1026
9882,2318
11169,631
8423,958
1015,148
21191,1350
21545,2849
2607,1975
19907,1675
4830,149
1800,1613
22312,700
8221,2926
14248,1685
28279,174
14879,1380
2760,1494
1037,72
12713,1180
25553,2420
11753,323
7639,3207
5725,1808
21660,2718
94,511
4971,609
5238,800
8327,2466
13756,2659
2014,3126
1506,772
9888,2683
17303,205
616,1831
7551,803
1775,1845
2096,400
4940,2535
2206,1993
4825,3563
1243,155
1024,205
1774,85
11716,2876
962,159
29019,1821
10734,3789
5936,434
4764,2599
7085,1681
4188,581
17264,412
10011,741
13389,709
16688,1999
6901,1121
61,2280
13108,1020
2465,674
366,1251
22105,1047
4954,2484
123,1353
14924,2748
18463,842
9984,1479
21535,2543
706,263
7231,631
31146,260
24993,895
11656,2336
331,652
947,911
11999,1909
1314,1669
14821,1438
7641,1781
8878,3542
28084,967
11962,51
987,2288
21178,1405
15899,1504
26207,1342
10,2895
829,3850
459,608
8894,1902
20643,2682
25331,1276
25372,2516
22853,1936
858,2397
2505,1206
11696,2005
10485,316
9900,860
5933,1158
12134,283
9685,605
3512,1578
13937,1231
971,117
6095,444
5550,2142
11189,834
1525,3756
8937,2167
23746,1934
6363,1653
13806,529
19762,1433
10886,386
5998,1310
19153,911
3323,1579
9795,3267
15583,1410
183,1229
5726,559
1824,1034
136,1200
12131,3020
1147,415
4209,3564
8852,2361
15951,228
25246,410
4908,866
12541,3854
7941,1089
19565,1612
17145,389
12943,740
27549,1315
1532,1814
776,1210
32656,2576
21565,496
6480,161
19537,1900
16094,510
10697,3537
8515,1700
4621,1118
1256,1293
32043,2923
196,805
12680,350
6455,174
11608,2058
12410,649
2121,1820
9959,2151
31197,499
2083,1518
12781,283
1887,600
510,2336
28919,2933
18411,318
6400,1676
22870,343
5014,1279
8416,307
17470,1142
3928,139
2448,2019
22669,603
3237,765
3118,80
10821,583
18610,1851
4401,27
11527,393
12315,209
996,1085
9028,71
12965,2074
3145,685
2818,2227
19642,590
2073,2878
1983,1461
26872,1032
12689,623
2453,1788
10018,2463
30409,1312
7285,1299
14427,1140
276,1301
3190,1505
2564,1226
5553,3806
5404,513
12829,559
2646,830
6834,887
15426,3180
7342,1081
935,1227
2203,1901
4984,2320
5256,1389
16721,2170
8610,378
2877,489
18235,623
16162,89
25715,1873
20662,1615
10691,837
651,1396
22636,34
20486,309
23838,395
643,775
10226,1181
16436,409
15184,1719
499,632
6249,546
7726,926
950,3497
5295,1091
2960,466
28015,468
28609,709
8193,3568
2936,828
1386,1505
9778,543
11457,2001
22487,1114
7760,110
13707,1837
2025,769
2774,987
11974,2784
449,136
364,977
11349,1444
4118,2520
15428,2631
9228,1211
18398,177
16963,2285
15104,2227
787,2239
19332,1236
7307,1169
6983,346
1300,827
15767,606
18824,1787
1727,385
15135,1433
3199,2261
14477,237
5162,130
25595,1342
57,452
15513,870
2419,568
6725,1364
14228,174
10335,351
740,736
8270,1190
136,1200
12399,1255
3502,488
5516,35
3823,1065
4910,1270
15906,721
5488,1150
3689,22
3281,1677
1120,2848
28,1324
8701,1605
129,3906
22135,2215
2623,2007
22568,487
4133,2833
3043,131
4693,2084
2301,2578
27,308
15621,1700
19909,1939
13885,1817
23904,1807
3626,512
20548,1813
13199,363
4510,1121
1608,915
19273,575
6273,2794
372,53
7429,484
3284,591
2615,891
13335,863
1087,3013
8411,364
2353,1337
2401,853
29124,563
24695,1469
26904,862
19241,2267
1013,1346
11731,815
870,1983
4613,236
5801,1345
3720,1427
5155,2892
201,660
4433,1300
2241,1046
736,1161
5749,921
22284,1195
27842,3350
7894,2088
14702,69
28705,907
14058,2011
91,2491
352,1580
22959,1269
2512,1887
12963,2477
2449,58
351,3539
10990,2671
12265,1818
16461,613
26735,1131
16386,1119
30985,2755
8005,60
118,681
21318,1351
22247,2008
80,407
4895,685
16627,1187
851,1000
2721,249
20,1740
14527,3456
12635,2226
725,2180
657,305
8745,1792
21751,784
3172,231
20788,1733
7383,2541
63,1446
15337,2467
3877,2530
3046,311
18302,870
19316,1204
6504,886
18226,285
23360,1228
453,1478
2000,1224
4640,1085
2873,2413
9805,212
8565,895
53,148
6311,391
12576,1032
2170,861
15997,1510
13368,2512
30009,521
1074,113
520,1126
1413,980
13580,154
7255,2026
5914,1109
16268,241
24949,1038
14661,1702
3702,507
6281,3666
4171,890
29544,3422
16819,1970
1710,1100
27367,1405
16537,1198
2479,412
7766,1330
2642,1494
224,933
2545,607
6159,226
20986,1452
2574,87
4960,1475
531,1726
9620,1273
10814,3605
13366,1424
1834,411
23026,886
2499,2086
1139,434
13793,1114
12985,2445
327,420
15698,567
9859,205
3615,1143
115,2253
537,1467
10280,2051
1105,2958
5064,627
471,195
19348,188
33038,50
16904,587
4755,801
20032,965
1234,1572
6702,2243
16236,1136
14799,1389
29864,924
2009,1511
1957,1214
7482,228
8643,1212
3631,592
27303,1293
25720,1637
935,1227
14810,598
17832,572
8101,164
18311,1013
16698,2287
2298,385
15148,504
3377,924
746,2178
21978,708
23253,1032
7423,620
13823,1222
303,394
6715,966
22164,1185
18622,1020
26275,202
29696,1312
29080,1618
25555,1544
3070,721
15551,2461
55,3587
9460,1745
4239,24
108,1665
12535,1548
24037,270
3748,2893
2506,733
44,1011
24553,709
15618,1569
275,2993
11638,212
7395,521
14224,562
10873,1247
2315,1818
499,632
8974,631
24698,1234
14116,1595
2768,1212
16558,1163
7669,1229
1995,849
1149,834
11388,1400
30116,1589
26204,1663
3943,1040
4381,4046
25988,2858
524,2332
2523,2766
2369,2893
11216,994
2366,3578
16406,1205
317,1170
3812,738
15228,631
338,3048
3985,2009
3353,33
1242,728
3889,101
6989,903
1313,879
7547,1786
1677,3183
14386,1434
16173,144
10823,370
29287,1458
9719,757
14009,2259
7308,217
12627,2792
12429,219
24929,3632
4209,3564
13377,2047
96,662
12338,390
28912,1957
3424,1930
5908,683
11269,282
27141,1023
20855,2333
4752,2027
17847,391
11202,1869
22358,2408
8766,2366
15174,511
1634,1100
6965,891
9265,678
531,1726
758,2121
11721,600
21113,3972
34077,1910
9202,527
10192,44
9677,935
2240,58
1065,870
11212,571
22920,559
11972,2729
3420,3837
3297,32
8620,2138
3412,1285
1863,1144
3925,1762
1328,2378
2769,1406
17303,265
2962,549
2476,748
22544,3333
9500,847
20536,291
19133,561
1176,711
3098,1040
1645,1146
1913,933
214,1911
19939,202
30549,1303
187,353
6626,3804
9973,1527
5235,394
7178,924
2883,349
6010,190
4053,126
27557,923
8902,305
3175,2345
14646,288
9567,96
12981,743
15596,65
18904,2521
4258,2
1121,549
1841,270
21701,480
3725,2518
10024,2
20089,3471
12168,585
19727,1564
18187,1267
9727,334
17958,218
6444,2541
271,1843
6861,1651
14408,1902
13965,531
29059,935
16331,221
827,1615
336,1615
3570,2777
5381,1231
1066,748
17720,168
6848,717
4281,1107
3695,996
4683,1536
14150,74
11272,482
7152,720
17855,1229
1497,4355
2270,781
7546,717
24401,3643
5497,957
919,18
8808,1006
10209,491
20746,3695
11432,39
30652,1954
24095,401
9159,393
182,78
16126,2983
2522,129
12013,488
20348,2804
4732,212
5469,51
12078,1608
3326,1538
13032,790
848,314
6994,2118
12435,4038
4724,174
13609,494
2810,699
14816,133
3226,1333
2106,1018
31840,2535
4230,1458
425,215
4397,604
9848,366
846,168
234,1567
15326,2102
4804,3766
13377,2047
13884,113
7403,300
33159,1400
29502,2403
10993,2920
18869,156
582,1894
2393,1242
4486,198
25575,1235
1050,796
8940,312
16587,474
225,21
6503,1996
2558,2829
15140,1642
4799,657
16543,134
3325,675
94,2102
143,55
16704,3583
13543,628
5687,493
16330,3361
12517,214
13823,1222
13614,337
110,254
3177,1218
2309,1413
14658,1003
15218,4039
23459,2765
12456,732
29401,526
16482,727
9730,1676
1242,728
18807,713
743,468
1647,1005
188,196
24245,639
747,78
31512,97
230,2285
17555,273
16686,3797
4348,2645
271,1843
18218,3155
1625,924
22913,1160
22733,2031
583,986
19859,3546
3792,1114
1029,638
318,969
9267,111
9684,1275
579,3192
5526,69
106,443
22855,296
8934,1503
7096,1235
748,1231
36,2885
22003,1806
8725,1093
10614,2122
4824,1912
20757,238
6225,1883
1691,1908
30098,3694
2016,23
1219,173
15364,297
19413,19
22134,722
11276,799
499,632
17544,1011
23831,341
5869,1273
29618,584
3343,124
6262,65
1616,1989
18355,336
27204,706
3762,138
10474,2562
21669,1886
18514,566
53,148
781,1141
5593,1992
22382,672
12400,1359
8844,3573
1118,1105
10718,1088
725,2180
6323,163
24391,2656
1133,591
16829,479
17366,2548
3032,540
9809,1554
8410,198
2211,261
24128,1
5364,1372
273,1505
1020,3903
32145,736
32631,2335
580,1110
4666,932
7330,228
18170,71
344,883
464,725
9385,378
1404,1262
1027,835
9172,408
17786,516
8598,2148
3849,1866
6619,2445
1046,2151
239,1914
291,2809
13154,3151
15264,5
11406,232
12669,2197
15882,841
14750,479
13958,1788
369,2164
15886,2898
24983,1740
1116,1404
25815,721
20175,2825
24521,419
17831,427
18426,1358
4099,800
17998,861
7304,1408
2647,1194
3039,2512
2675,523
10227,1696
4493,685
17326,2848
4491,1006
33116,973
19439,469
2805,2120
1576,1227
4007,137
17932,348
3648,638
19925,233
4034,2181
10276,510
9186,1698
2726,35
3902,3256
12483,2806
15319,2715
11200,308
3614,463
11165,1592
31373,298
240,2033
948,639
16605,1765
9258,4
19404,529
24589,93
9772,4768
1089,1432
5064,627
3658,931
3473,141
772,1478
215,740
21440,3
4946,1183
1320,2613
8291,3035
19586,49
1312,798
72,1187
10877,3051
25463,23
10056,2424
9787,839
5280,1339
1332,984
4176,1395
16273,1692
4451,309
53,584
3929,685
8682,1875
10712,1092
2695,3144
6546,2381
8281,1111
26162,1836
14178,1930
15263,354
8807,441
12846,2741
1235,526
15743,3180
24215,658
10063,401
4951,484
1004,2065
3503,614
1685,89
7758,1478
17504,2635
27581,2437
9547,82
877,1315
15126,2737
9155,180
19846,1190
7208,1299
3907,437
11973,2817
27048,2894
10988,1851
6427,3682
9969,509
20376,956
1343,767
73,9
159,850
2954,227
5380,729
12200,1703
10992,1669
6895,64
10430,3159
5431,617
1045,255
23109,2426
21383,5
2317,1665
15931,2435
17501,3585
6290,365
31550,3055
9097,1188
14795,1872
17539,299
10617,983
17930,704
11616,11
829,3850
1821,385
31334,588
19224,2565
14752,959
14664,2357
15854,2025
1618,924
3553,1272
9798,446
9206,1693
32075,2229
1,535
15339,599
12824,2780
238,1133
74,214
22647,36
3920,2477
5620,2742
27381,1825
16087,756
128,3226
2013,2703
17345,1548
750,23
4296,129
15172,1958
7309,2348
21383,5
5905,780
17796,1502
1993,2758
12968,58
4065,598
12400,1359
9437,867
3007,1877
252,1000
25904,1823
10551,3119
15823,1791
23011,1178
8143,26
19589,2268
23766,368
23031,966
7346,1878
13276,3055
12191,1234
3921,968
13371,1089
6294,710
15941,124
9595,1513
11488,3347
21599,652
20020,550
24464,2623
17753,1623
7699,674
15562,2894
22373,2682
14430,549
10261,561
23761,78
17409,3352
3701,1252
12510,203
427,1436
12451,831
17107,1498
4231,2151
440,318
1465,822
21870,317
8050,714
10724,2345
2797,375
775,668
9511,2534
11105,1159
12006,872
29636,921
532,1870
14678,837
4147,3725
2392,2735
9516,1158
22524,696
14314,1742
3516,1200
640,1060
18959,477
20966,1357
240,2033
144,49
19619,1063
103,104
7150,1508
9670,4307
9986,790
8735,2333
545,2432
5880,552
28881,2136
283,538
6480,161
22470,1115
1282,2541
5547,948
22093,2506
22012,398
13,907
2864,1523
29448,939
5463,121
780,616
6367,361
1125,1594
2485,346
10897,1963
14936,2
27465,277
5475,512
2941,1378
414,1613
674,996
1675,1745
2816,1424
633,77
22448,309
8878,3542
1782,787
8581,769
6547,334
29637,618
23141,1936
8328,1286
5002,1070
18473,46
557,1012
2287,448
24037,270
6682,147
4172,3994
11280,1996
18958,427
32731,852
7743,142
9304,56
23874,1352
11483,173
20,189
4005,3266
10504,169
20200,664
5052,745
5054,910
14009,2259
10610,1198
3714,2542
17224,751
6047,2188
21036,1732
26618,3743
12142,68
1560,2307
2966,1647
1586,2658
2331,4283
3347,2069
195,1895
1926,733
18059,634
6233,1874
7715,1713
21453,1649
4603,1187
33043,2688
7473,1368
16813,282
15697,1010
12119,1011
1252,869
5315,616
18495,127
22569,5
6747,276
10276,510
2627,0
390,1511
3906,440
5880,552
6285,2606
18053,1171
1342,1660
8632,270
17435,955
6,136
12832,1859
8307,297
23297,1227
2019,298
8697,162
4888,1769
820,2431
16538,1499
4872,2971
8480,2074
991,1509
8023,757
5442,759
15946,1861
24376,1606
3739,460
10608,1946
3478,720
678,1804
15719,2583
17093,61
2746,2916
5926,2179
5077,911
1368,207
13659,742
607,385
10588,1959
17506,2350
17735,1680
14433,865
3246,9
16118,99
19650,1470
7232,778
13738,186
15212,1155
7828,361
3413,1319
8300,1981
2821,1286
306,38
3637,953
238,1133
11850,3371
16010,268
21272,873
3259,3073
19345,899
1030,668
338,3048
17671,1459
28896,1630
1557,346
14512,655
24559,1942
17367,1481
14658,1003
4477,2299
22887,550
14672,3878
2858,273
4814,3618
26700,243
7194,1801
23245,1589
8207,1846
1136,482
9726,296
11,594
4708,827
11785,59
24119,1687
5040,1028
6118,3027
2389,1994
10894,261
653,520
3762,1480
294,323
2335,1582
8508,2092
312,184
16422,2464
19056,3378
11248,1979
18256,170
23011,1178
4923,1025
29683,1401
1,535
5989,32
6886,1585
6060,165
1,535
21607,223
18022,2442
1007,1006
983,45
975,446
810,1310
24263,499
12448,191
6561,1872
322,928
11056,1175
74,214
79,3815
7593,240
4862,1480
18714,1824
14153,1208
30898,2734
5494,1717
2456,729
95,3479
1522,275
10898,493
1564,2086
989,1310
28633,1420
10237,603
22103,1833
14378,67
26328,1958
11723,220
11144,1344
19225,590
79,3815
24,579
22562,1359
15125,2446
22285,1260
6599,2743
22994,579
9391,1481
523,54
12274,3178
705,975
10000,1438
16634,1488
85,1102
19114,109
14674,1313
6117,1601
9202,341
2453,1788
33,849
18463,842
13550,923
20522,99
10326,1898
1818,1015
5260,1792
11887,1597
435,3860
191,129
1542,401
1936,399
25196,1938
9282,2896
7023,1095
5188,1568
3290,135
7704,532
1435,2116
2813,120
28112,541
23119,337
4119,204
3478,720
10352,2804
5130,1990
19972,4146
2905,1520
163,362
24000,330
14716,192
8236,893
9154,1324
4901,1497
2447,928
1687,166
18362,2651
16177,1825
7182,2052
4753,621
940,1405
20969,3255
30715,1968
4593,850
972,1258
7121,2052
16007,163
19070,3193
3975,653
1482,292
8723,440
1588,4046
3250,756
5677,2168
2971,2919
20184,1816
3807,605
18746,1804
4451,309
60,124
5524,188
27281,1051
9539,772
14672,2346
576,2831
10269,556
703,1686
6596,58
30837,2003
383,1033
13602,2221
3518,421
233,364
7704,532
16839,331
8144,2199
8436,176
4661,1152
16731,156
15889,643
2385,481
21196,3731
12060,509
14485,702
21644,986
23030,258
10032,1476
554,60
15848,2291
12984,1545
20744,456
2964,1445
4885,1642
14783,2373
12577,241
2461,1121
10943,2509
4721,223
11113,1191
5255,1968
774,1339
7001,1270
5085,317
1379,977
18138,2806
9571,726
2396,1625
23087,1472
14836,1682
6054,554
14046,811
24153,2197
16146,162
26891,1092
19001,353
8657,922
8701,1605
16412,386
1201,467
14620,1276
10302,3910
4844,93
12374,2029
648,148
3291,1890
365,121
6851,733
5565,424
27705,701
212,3115
29492,1595
1494,142
3965,206
2024,3960
6146,787
1736,1418
4449,822
23970,2195
31340,1466
1257,224
2794,2219
7076,767
1173,32
3811,1809
13217,1556
126,286
10419,726
20167,1740
21274,402
6520,357
6471,603
31,1332
2216,1686
27172,208
349,355
4946,1183
13954,1334
7175,1022
17759,1241
14332,2045
6321,759
1103,727
4174,636
15131,615
390,1511
7114,905
11065,3390
11097,4207
17552,1307
23132,859
301,2212
8473,667
2008,1870
24783,48
26228,16
6976,138
8253,1023
811,95
12545,548
9196,1272
2654,260
8299,649
13379,2761
5442,759
1185,317
18433,2550
17886,76
24063,2400
32552,159
19729,301
6756,2248
3195,385
17839,2406
246,2024
8454,942
2447,487
17026,328
109,1815
6180,1170
3335,2667
1069,1204
3569,1211
14208,544
234,1567
13523,590
7199,1343
282,1147
1679,201
16633,2843
14394,565
23935,1340
9202,341
11436,137
20434,214
13,1575
7858,217
3468,672
5061,880
3591,796
3889,101
21434,1154
10905,3500
5238,800
3362,1105
23652,1105
5288,424
27593,607
21159,2310
14967,1261
5186,3256
8022,981
3820,3283
3951,344
12043,472
111,471
14534,3127
12849,2648
6210,2509
5077,911
18052,510
6517,468
4938,83
5658,1631
299,1485
4752,2027
33525,442
7693,2445
3929,702
18356,427
473,1662
873,1201
205,4056
24258,4163
25320,284
14113,702
16516,1094
11574,416
3957,2075
5334,1064
1293,754
119,1102
2042,272
20321,799
16175,713
3774,1970
16823,2105
1953,914
23814,2035
10671,1071
10961,1344
24480,222
9596,869
3176,804
8771,444
103,104
901,1599
6107,1784
21938,3209
5934,1333
16789,1651
4665,299
13410,1130
4108,41
9191,527
9191,527
1258,619
4409,2248
9246,46
13392,214
13712,2082
5303,2065
12251,2363
3489,1621
12741,2430
7771,1493
8267,1552
3739,460
7775,964
1879,2935
525,1509
336,1615
24947,540
25594,160
9055,1897
2614,122
11843,4331
26684,324
9745,460
1253,1409
170,1337
12043,472
9098,512
10273,3072
15604,2255
7597,90
5412,676
662,1247
26572,1278
5273,129
661,972
1136,482
16522,407
1188,1268
3611,2295
1391,1809
875,3396
15169,391
32594,505
1391,566
7718,1079
574,1141
15078,965
12354,358
3929,702
7966,289
2749,1070
566,2817
13202,1888
9743,1273
1427,3598
15498,1882
5641,2543
4805,906
8198,1473
21412,1494
2114,2830
8539,54
11011,2161
11269,282
4357,1928
27981,1358
6774,112
4171,890
777,1436
3281,1677
2037,1208
23250,3143
9026,198
8613,2526
23139,260
16556,558
18833,2392
1808,1792
2628,673
1714,219
14415,622
12535,1548
10650,1802
3040,400
4331,981
15545,769
1337,1077
12600,571
978,409
23989,185
3557,815
8096,358
4869,410
20814,2228
4233,460
2264,49
453,1478
15943,977
525,1509
2782,3375
12581,2093
4929,179
5894,2677
15237,1700
12468,104
3017,144
14080,30
10939,837
1405,1674
7389,3338
22031,729
4297,1480
5411,1355
1284,249
22351,855
11293,2351
7469,1291
681,2130
3355,1225
6361,2124
8,3383
33286,118
30148,162
146,2055
21065,767
10163,381
18193,195
18945,3304
4475,1302
10556,2250
26862,1309
27231,1146
22126,1729
9341,2306
1601,60
6547,334
424,257
1258,619
16689,168
3540,1834
8322,526
2643,217
18381,508
5902,20
8974,631
1054,726
627,686
10602,238
2734,1011
13940,2198
7321,1231
18116,1203
18396,1531
20683,782
22956,3647
11138,2864
8253,1023
4677,465
71,2979
12892,5
10028,3341
401,1085
30206,1254
10406,430
12291,597
18592,887
7452,1884
8147,1158
11926,908
4942,399
27980,1197
13449,391
8952,866
6218,1730
19876,1478
4873,284
7620,1838
3331,222
439,3765
9915,2782
7952,1067
13640,2474
16744,360
367,3504
221,1813
7862,1894
751,1397
2261,1349
23371,2540
2018,1273
3780,1022
26935,414
19320,1179
995,352
19490,269
12182,3949
16650,228
4967,136
835,215
25162,717
11693,1417
17970,1064
33151,1091
1375,1767
1980,1311
221,1813
28417,1076
243,1256
8213,1826
1934,2239
19761,1689
6251,1328
5265,225
12215,1851
1649,1689
24344,235
5700,95
1696,2550
2258,560
3461,485
8293,407
32,2850
25071,32
25788,151
2961,2363
6694,3537
17354,1132
20744,1981
19200,279
12243,1544
1027,835
4112,2454
10177,1883
135,3839
314,2072
21876,432
6260,1365
5,640
1379,149
10029,1029
678,1804
4914,866
4357,1928
4916,1756
2161,2253
26964,104
8402,716
1766,442
21578,1103
3705,388
535,1027
3770,368
1221,306
29048,223
15737,4263
2383,205
6140,1954
11518,987
3795,765
4948,2771
14326,451
10331,2142
402,1680
4979,734
5643,1638
19493,2020
33855,1232
29531,1265
25635,380
56,3207
19199,1712
23052,3757
6819,1075
15264,5
32891,3244
2,376
987,2661
22833,993
12469,1864
17650,538
4316,329
27569,1335
10137,856
14646,288
9804,827
7795,725
11562,371
26312,412
11356,2596
6705,474
248,1313
5795,1678
1330,518
530,1205
822,586
1444,666
28974,67
16165,1752
3232,1436
4456,1937
5159,686
182,78
1193,56
4440,674
3463,313
7473,1368
2000,1224
22819,3434
2286,460
4633,2428
14113,702
21002,3823
7293,241
2643,217
18690,1109
877,1315
31,1332
2449,58
2400,161
8592,421
96,662
2859,312
6128,191
17691,1748
158,1184
3992,464
1843,884
6842,1128
19235,3161
11670,809
26114,2070
6173,269
8217,1398
6315,4239
23317,2453
28239,474
30124,969
23137,426
2592,230
17239,14
27626,1870
21230,904
16599,1645
16609,203
9168,1812
19419,1869
4049,2052
2081,1487
2203,1901
20321,799
15133,3316
1873,3832
24803,2494
12224,240
2644,730
2508,1544
2043,1405
1227,1744
1906,163
17272,67
8741,37
6030,1182
7575,1916
286,2121
10525,1197
29994,1100
22186,2235
10691,837
24034,2660
274,1396
21573,2539
5185,282
2319,3108
3563,3851
6144,1624
5636,1962
26001,1098
1672,470
1074,113
8647,2142
3041,2806
1177,219
59,1533
11191,400
9594,2264
9277,968
31989,4207
32664,604
1427,3598
3983,1515
3866,1424
12238,182
10793,183
5516,35
12448,191
16581,199
22039,1578
11515,526
1302,2712
598,25
2737,1911
24762,690
4155,195
24551,2402
13070,522
3557,815
10154,1738
5428,1659
595,362
2367,201
909,506
28584,540
2,376
15028,559
15710,1885
28548,2273
3190,1505
5587,955
3984,556
22909,498
2657,869
8670,940
13152,2929
11256,777
7350,1070
6481,805
6429,1306
2436,11
3859,192
28821,988
2083,1518
8243,2734
28040,68
7508,1581
20235,2440
576,2831
5929,2829
19670,1575
9874,1174
8521,1859
2825,237
6152,1221
14712,252
12044,2758
81,973
23702,586
13683,868
12037,3346
686,2230
11423,392
1750,2248
7386,3086
2378,837
13210,974
11078,2061
412,1801
7791,266
19734,747
6635,328
4064,1162
3041,2806
18964,1110
1485,3461
7470,1192
15366,2990
17437,150
5135,1163
9208,2150
9951,2167
8492,389
12693,1294
393,1406
8261,444
18177,1533
326,1104
2605,321
10734,3789
13647,766
33455,2381
3474,376
13138,27
6646,1304
9906,448
727,606
1899,739
391,504
30000,3951
14784,914
2205,28
22849,609
24530,193
7610,350
1951,2537
7676,706
2851,3011
20618,2661
23921,411
23695,2227
6989,903
8701,1605
558,1000
377,368
1429,2749
14775,1437
1485,3461
1498,1294
21769,1719
7466,757
5785,733
698,1834
8955,1088
15589,2012
1918,422
3090,1236
31093,1831
27520,571
12180,146
15834,350
22987,948
19893,2029
934,92
24900,1897
25572,1343
2806,1181
8564,1618
11653,1521
16005,1076
30485,31
24267,44
30709,2415
8663,3268
9347,1777
1653,2284
2115,581
15024,417
9982,1310
1038,2301
5756,934
983,45
12520,905
1888,191
16841,1051
21545,3974
1929,340
18738,3
26524,832
15958,1889
24992,639
25354,61
11539,984
3076,650
8278,1632
7874,422
6655,997
12927,3773
2859,312
9510,703
2384,1109
1717,351
177,32
14099,1064
1652,1329
10505,1761
10875,1582
2483,737
10998,1971
12241,2070
2341,548
12990,2701
6502,655
34161,394
6989,903
3731,2310
10025,1308
30585,19
8235,1020
9909,1906
432,1987
26353,2168
10684,2365
12016,1661
3527,1336
1435,2116
5734,2469
2775,599
7001,1270
18418,357
14299,300
8670,940
17287,429
10117,2906
2645,2820
2634,2985
12022,2054
193,2047
11634,725
28478,342
983,45
2361,116
17645,2779
312,184
19659,697
414,1613
9313,717
30400,1617
5668,396
21,1519
5845,4239
16925,1513
11215,1216
14677,1977
16003,1106
29309,272
5030,1239
8986,35
4197,183
17393,956
2623,2007
425,215
2113,2545
13393,902
6875,3209
26880,1560
13475,459
666,1213
9329,900
14967,1261
1472,159
20689,424
11316,638
21625,227
6473,1363
3632,721
10657,1762
40,866
948,639
8932,2154
1441,420
1464,1072
9380,850
819,276
46,581
15601,74
4728,2694
20528,20
84,1439
29147,408
1664,1545
456,534
4851,1825
32902,357
169,1511
14158,529
5456,839
823,533
10586,3639
513,1085
5569,96
4698,2782
12774,502
14989,405
1217,1726
706,1200
7095,1015
2810,699
5422,506
21187,3118
11457,2001
9663,1345
7975,2729
13756,2659
12591,966
26893,2867
17816,150
15120,71
829,3850
3465,1219
15692,2156
16759,841
6363,1653
11312,810
22374,1442
32635,2130
11348,325
509,2618
14813,632
14329,2737
477,618
1237,990
2379,1670
8123,1497
12968,58
333,1732
5011,1884
14342,348
8086,1929
11665,2321
12797,3383
882,1265
31015,245
8506,2397
10364,1583
27801,2632
7946,267
1042,1208
1505,13
28123,2820
802,558
18303,1610
960,2656
3510,1716
29122,1899
16993,796
19212,901
30067,258
58,2969
4488,810
15133,3316
20134,263
388,1715
998,634
13013,865
25133,2129
3856,5
5319,95
4897,757
4014,528
8620,2138
341,1120
3938,1388
25551,1273
148,773
4247,2139
22707,35
24605,0
7228,3355
4087,534
25435,3
2066,823
1234,1572
1789,1136
11706,563
25509,655
17998,861
26180,17
6884,1498
2994,2273
28399,1425
5796,489
30589,1684
23024,356
6982,42
630,982
14774,773
7802,630
18413,1230
984,1320
7777,236
4216,1127
1873,3832
18588,338
18150,1972
14058,2011
32255,763
1739,320
8012,2542
9826,475
1709,1663
2822,2278
18917,387
5219,511
27986,2398
12965,2074
226,483
20008,39
20904,1039
5506,322
10978,1891
21513,1375
33,849
72,1187
29645,151
26086,1273
21211,831
4056,258
1612,571
4977,2733
23180,323
19982,346
256,278
11182,330
682,194
11366,2088
6306,451
17449,1287
21558,404
6399,612
12194,368
15006,2424
7022,1239
3194,2972
1580,2873
4546,497
10497,918
26160,2462
19906,218
14937,59
1219,173
10993,2920
755,1554
17061,332
369,2164
9861,399
18572,1038
5805,2293
11748,1862
28538,1950
3673,382
1441,420
10069,1854
1169,1141
5262,1189
1,535
4451,309
4621,1118
5091,893
6861,1651
13767,1273
5723,595
7132,3412
13990,800
25489,1103
3029,329
4891,800
5907,2163
2777,2126
479,2344
2981,332
18662,1646
6970,1866
8529,3052
8156,2888
2177,633
5344,982
7531,528
29756,2199
520,1126
5603,311
526,1334
26559,3442
11680,1962
24740,1230
24826,2290
2519,1856
9725,365
33640,216
23657,1351
14756,2763
472,2157
8645,1225
7506,1305
7369,273
9793,1214
1862,947
8521,1859
14885,1153
20849,337
8768,475
9413,751
15704,501
7289,21
15721,1304
16444,761
17315,2012
12931,289
6174,2009
58,2969
25516,139
40,866
7269,2024
17378,752
22981,2149
11482,297
7844,3084
19545,1695
18033,304
167,564
13525,3144
8990,2100
15215,1851
28474,1418
33090,46
1540,59
10223,869
27849,752
26736,518
10531,34
11162,54
7826,1605
5439,15
9678,377
15690,1557
23409,819
10232,690
21654,1228
29122,1471
29413,885
4005,3266
6484,1466
7827,1652
255,442
1525,3756
1349,145
1513,1323
7752,381
6241,3006
1601,208
23402,1692
17847,391
66,2337
12534,205
9730,1676
7378,1886
5660,1016
29341,335
13705,645
1635,180
34267,933
15894,957
5641,2543
7373,1549
2693,663
31334,588
31031,994
6593,328
28564,302
20036,123
1800,323
23501,66
197,2536
354,617
24239,1319
2184,2277
1045,255
28821,191
23601,335
2315,1324
7949,270
4676,1850
1856,1565
38,1119
1062,3210
31139,129
16427,563
28940,2405
3417,2307
24807,1799
7183,92
293,183
2296,93
6293,1643
676,467
11345,3088
23078,3118
27477,2433
1846,1137
26982,1652
19150,243
8779,342
28328,2242
25832,1098
10127,2001
14249,1453
1983,1580
8779,342
14395,4632
8620,2138
6447,917
10573,305
28127,2017
9413,751
15671,740
4858,142
7256,307
8359,1566
9410,2574
262,914
16532,2378
1025,649
1624,533
25,941
6716,1306
29787,1565
863,391
7731,1661
10704,302
4042,2411
4394,1817
20825,1718
10996,265
17043,2837
19879,248
15415,1363
16,252
18847,424
21359,1760
13857,491
4943,27
1545,1837
12422,584
5517,203
174,982
14280,2415
5249,1459
14213,1266
13380,379
7156,659
4929,179
29236,252
6178,1862
11279,1
22567,896
14794,227
2997,1280
29390,110
28469,950
580,1110
33273,2624
7902,3193
2200,1319
16712,391
8864,399
1878,1171
3908,1445
542,582
17463,832
14669,1149
17723,862
12342,2399
24066,20
6373,1007
3143,634
11864,344
11848,987
20149,1491
284,774
1123,2005
27260,1584
11389,1589
6658,1309
4440,674
13219,67
27426,2316
33479,2669
1811,718
18424,607
10621,1128
9712,298
1816,740
10500,153
24479,257
4377,740
64,745
6698,110
8203,909
12552,933
10333,1837
1908,1391
9065,572
6825,680
1035,575
17140,2690
2880,2070
4703,193
22377,1249
4225,4280
26129,205
364,977
147,627
1916,439
776,1210
10405,980
15853,56
3638,1051
10824,1362
24345,549
12509,1113
7234,734
2539,197
4918,600
19118,1098
21327,912
19051,112
988,364
4719,547
10059,1834
19766,2546
15751,1896
11106,1072
401,1085
11579,315
18127,1933
13070,522
7122,9
3421,1964
12876,1758
20581,1815
1194,146
13689,1280
8794,39
27203,634
15460,684
22739,19
14815,2905
5435,40
13808,953
26538,561
16579,1320
16706,525
23242,2309
592,4311
7813,958
12849,2648
13580,154
7670,1053
10555,117
17518,1338
4380,212
16223,321
5010,609
8852,2361
31172,860
7649,1982
7513,240
24727,115
5640,1736
8940,312
21041,1479
21994,173
15589,2012
7285,1299
13276,952
8715,1163
12403,1177
24097,2147
5846,140
24824,321
12243,1544
4140,1936
5857,3289
1983,1461
5113,1657
333,1732
4154,710
19414,2912
2491,460
19729,301
5085,317
3601,2957
1844,771
5003,728
11471,3770
20661,112
4257,161
5785,733
6939,213
19630,446
128,3226
209,700
9715,414
12880,3161
14770,1368
1902,243
19861,568
11081,219
10425,1168
13435,492
11428,2267
14707,874
1669,130
18728,267
25162,717
8107,728
17556,205
11358,266
23656,1114
1188,1268
2808,620
521,1690
10074,1270
23134,2343
128,3226
5656,597
4050,113
23462,232
3321,353
28834,912
17422,1202
3560,196
22648,2091
8503,356
16516,1094
11734,2025
9105,990
7007,869
22294,1131
30930,297
1024,1058
2515,864
20742,360
207,582
7902,3193
7930,365
671,490
7925,32
33548,864
1645,1146
27246,566
34531,734
15895,315
1277,1871
159,850
19800,264
20420,202
2569,1265
15829,3322
8139,2233
9760,2173
1845,2378
31553,3085
3414,3259
18188,2249
9366,1694
3849,1866
3207,1242
12116,793
1728,747
2705,587
10036,1083
10354,127
16578,2620
27489,788
514,100
10743,628
14128,512
1803,69
28373,1106
5865,3002
18,1915
2913,206
14042,972
11264,3248
8488,838
1738,616
19236,264
9050,884
362,1397
20677,12
8501,168
22091,177
20517,1378
15587,2413
15694,345
3038,2873
3788,2746
607,385
758,170
9550,1011
17800,1642
2274,2075
2370,843
633,77
30707,2810
2824,204
2843,2829
16639,622
2713,1741
15576,630
3154,59
7196,841
8243,2734
13478,674
6015,1114
30938,1004
19892,2230
5238,1319
3050,3028
817,286
4652,319
5402,191
3231,478
26674,1719
14659,807
5783,1730
13216,1682
9274,378
2962,549
9272,1074
761,2234
8269,171
5914,1109
15970,552
6179,304
4277,1536
12016,1456
4315,1537
10711,2089
1126,611
18591,416
534,178
12333,2308
17541,1005
1712,56
2375,935
19307,447
12443,670
11386,975
7626,2034
475,478
137,2579
20634,725
29091,2355
8194,390
213,1482
4528,1316
28112,541
9867,1016
836,769
1246,834
23708,724
20414,1306
22913,1160
13639,14
3270,1867
3295,2403
3132,2210
9889,546
6,136
6064,406
636,42
6378,716
6951,1887
6598,426
2761,3169
300,1324
636,42
18313,1825
8236,893
19789,1241
22172,845
4862,1480
755,1109
2273,3279
2307,1638
4028,702
7872,58
7105,394
39,778
25258,999
17732,312
10100,400
4481,1911
7537,1555
3632,721
11517,1788
27318,251
9018,1514
11319,1830
10466,100
16336,914
835,215
238,1255
5787,3276
26990,173
832,4161
5660,1016
19211,419
21941,314
2233,710
690,1488
972,1258
5356,1901
9032,503
12601,2865
19920,635
11171,2653
9127,2358
3999,506
8150,237
19675,3101
1338,1578
24764,642
9877,482
14383,95
8397,930
1303,517
24102,2004
2140,967
20567,2374
1985,67
3900,306
5818,1806
645,2014
352,1580
14609,448
4028,702
20070,1490
12333,2308
5237,1156
15673,725
12517,214
8965,1895
2875,706
17974,2002
2338,1580
4835,1827
25344,249
2253,777
3220,454
15675,57
19382,2643
8202,235
11690,1480
4604,482
22605,1808
3513,1417
277,385
20098,2676
358,3103
1642,488
14325,1113
21615,920
11357,135
14210,54
19968,294
24750,103
30758,1007
781,1141
12021,396
20887,675
2684,1560
2085,1898
31266,416
22077,320
29436,982
16851,471
13321,1369
1255,37
3619,1179
22482,530
3376,131
11880,2946
26695,651
1058,3771
952,1314
22855,296
18105,3733
14113,702
17225,2875
1179,1260
4053,126
1948,875
19585,44
7829,1760
3191,1846
4388,1130
16690,433
11702,2677
21140,821
2958,2758
26709,2881
3004,113
5622,1583
2809,2634
12264,1236
26708,128
5164,942
763,2403
17894,1624
8027,395
24561,1426
10254,3416
13115,277
36,2243
16877,511
18106,932
31156,1373
45,3390
6533,808
7299,967
2611,884
518,678
18793,566
9836,1512
5007,3079
12994,900
20915,1033
23343,1601
27319,1275
1016,893
11567,2782
2820,41
7047,3001
26623,371
2378,463
2073,2878
8374,272
18329,32
933,925
13679,1424
14060,2721
634,801
20203,238
8813,2930
614,332
4107,1443
10485,316
31188,858
948,639
10049,982
2301,2578
19741,1135
6312,1784
9725,365
12551,4013
9397,1199
10101,2229
5411,2491
25532,2179
2825,237
16488,1473
1729,880
8985,510
2122,14
3710,1502
779,399
11130,265
11405,1866
16492,409
18548,706
24413,3162
9284,2402
13581,269
9950,3946
34,986
196,805
1899,739
4186,618
8814,934
1255,37
2237,255
8209,1155
32286,2469
628,500
9690,803
928,1965
10891,1597
9227,653
29127,632
32,2850
4233,244
22607,284
14534,3127
3481,2982
1413,980
10059,1834
17424,1367
11590,977
43,700
24195,210
17214,396
14927,922
714,2536
6883,1541
3413,1319
2864,1523
14399,1944
3641,324
6891,1460
4122,3487
7993,282
71,2979
14199,1555
3855,722
2196,735
1796,1787
2299,88
15031,187
451,85
1164,302
17211,1722
9549,1192
5071,2886
5925,218
27810,517
20577,262
12123,135
12943,740
3010,888
2977,215
28089,317
19350,580
15468,3371
6710,1096
3166,575
2778,3314
4152,446
7202,514
13866,2139
5840,2669
19729,301
10034,1046
14135,1144
99,2167
31120,1969
1771,89
5303,522
2795,769
18763,2274
9174,111
778,2024
9345,751
16354,1595
20288,1963
1060,2513
18404,666
1291,1009
12709,278
30324,2948
6576,2402
17873,728
15422,17
13736,1703
25441,1330
8404,967
20363,2598
1624,533
16531,1699
6394,292
1763,99
1473,281
21092,657
7239,1047
4153,3420
2842,1392
2404,1724
3758,134
14142,154
3056,291
79,3815
7299,1568
4630,2689
1289,911
236,481
2514,16
26518,392
10546,992
12670,321
5615,57
16446,100
843,100
26910,1109
8312,469
10036,1083
30425,2757
3362,1105
10295,952
25428,803
3634,1232
9469,1448
6377,1173
26212,1646
8525,3411
1279,1996
6747,276
14054,536
8972,1959
7673,1023
3072,107
30072,1712
34201,821
1482,292
23066,578
15861,1114
18565,3539
5477,153
33152,344
12831,2121
22531,1061
23623,911
25514,699
10024,2
7627,774
10871,1357
3746,3632
8522,1183
400,844
921,536
7504,400
16467,713
5367,229
16772,1515
134,1393
4,1183
928,1965
4447,2261
12261,350
16800,2795
3111,779
9331,254
4104,270
11880,2946
3500,1782
12383,56
31965,549
1423,993
663,1751
5185,282
13983,785
14258,1404
6517,468
12804,674
14108,592
483,875
24797,34
3636,311
11399,1479
4224,1719
6345,2517
2559,1393
16367,737
41,3553
3865,465
24585,1457
1096,1867
2182,3384
22941,508
12957,850
10121,1079
2334,1362
765,1685
20984,1759
1777,2634
6124,435
16737,1724
1844,771
2067,1515
8995,1732
11173,292
15589,2012
4193,1336
10688,1421
19810,1005
2680,77
2799,3881
928,1965
1306,291
2923,762
23873,502
1806,527
1679,201
1818,1484
12735,902
8519,878
25366,1854
22613,2385
2167,1997
13171,2438
10630,1909
27796,223
5707,449
1894,341
1375,1767
4066,2488
1621,279
2070,1727
1058,3771
22383,241
8591,1147
577,930
8839,80
16120,3411
1280,2037
27205,1245
2170,861
16293,316
10909,1759
5308,1002
3319,151
28023,549
7502,559
4878,516
9859,205
1355,1634
3377,540
856,1128
3758,134
1414,3401
621,133
7366,1345
4097,1987
8662,701
20045,1899
5557,1281
4620,757
9132,67
6085,987
6669,2344
481,607
13645,1690
20014,8
9933,2160
24020,41
1839,1645
24832,1653
3345,1119
27732,1823
5340,2756
4588,1038
30280,788
11188,789
16800,147
5427,1268
1303,517
16863,3417
9873,1895
2435,8
23447,1251
1347,1805
605,1317
26190,1627
2061,2200
8136,1732
18616,245
16576,555
2078,3577
23451,2449
4786,1291
4163,2271
543,784
13852,398
13794,104
6044,278
5123,146
3372,1033
140,204
12353,1037
21565,496
8409,3618
11530,340
29490,360
28762,1040
4792,953
445,329
16064,1599
6530,678
18376,909
13838,1617
12838,268
2952,2476
12688,2984
1418,91
404,1489
12247,189
6099,202
12555,1047
25877,482
8052,3204
24734,1875
17269,1175
32199,2048
3919,219
1031,868
5299,691
4927,1057
17325,1448
13015,2018
762,304
16807,1044
3081,1781
13503,2827
5734,2469
12458,288
16443,288
6121,2354
18391,1149
1085,1599
20636,1489
8037,1146
4947,831
16081,2201
10859,1424
3468,672
8009,2467
16847,825
23367,2223
1285,3860
12025,785
11037,153
2166,1864
1888,191
15714,81
372,53
3524,279
19693,1123
4072,1314
25663,1628
17978,4413
8532,407
6889,463
2857,292
26027,1083
207,582
16917,2080
11821,305
701,511
128,3226
28671,92
4454,92
17551,1249
83,409
354,617
2771,65
16922,768
5768,124
25556,1361
1348,2300
471,195
7629,69
65,1216
3075,1484
30084,1093
2400,161
1722,132
2575,139
1571,1821
4725,1970
3086,4006
20806,2107
4864,2632
17120,711
7979,1809
7819,648
5032,1217
13095,834
4003,2283
14375,2605
4520,2423
594,1447
21835,1428
18608,1116
10486,1448
1218,850
10205,248
9125,1235
2104,1174
3255,1747
1238,838
24700,1771
29904,178
20338,106
4787,860
20098,2676
0,1891
31096,2383
2331,277
5110,4
21327,912
14490,1322
15178,2598
4243,1337
2564,1895
1442,1088
16492,869
6275,3519
1660,2032
716,1018
11843,4331
15580,2410
19394,194
4441,482
771,1042
1672,470
1896,217
4104,2367
1897,1079
5690,2027
126,286
14270,1155
17347,49
3041,2806
27083,731
8793,295
7470,1192
3241,521
21382,1781
24140,831
4835,1827
5172,603
54,2369
7994,203
9808,3588
30995,2897
6996,725
95,3479
27270,1427
16214,2388
5202,820
4191,45
10776,322
23210,3593
12153,851
531,1726
15538,2730
3257,1071
784,2445
9238,3401
7300,1662
27991,670
11033,824
25854,754
245,1006
20924,720
31403,633
5322,1262
14575,831
5709,2734
8567,930
25049,2650
5027,30
2445,702
2290,1245
46,581
1446,1310
5267,642
778,2024
1461,2244
16391,127
8189,101
25667,1478
688,2557
19399,2456
7305,2010
25186,647
9024,1206
25979,183
12879,2485
15363,1286
1831,524
27252,2674
15639,2087
2177,1258
28840,1876
8946,1889
20862,1413
1607,1173
224,933
688,2557
3832,73
19543,1403
7,1206
7143,1801
8,606
156,1578
3271,857
4280,1209
3649,193
24578,528
3137,2086
4983,1334
9205,1982
77,2192
14170,277
31157,996
3791,753
25006,4133
12450,600
12112,1679
6295,2234
22598,68
13908,2740
25030,2132
23135,1517
14764,1810
9588,1407
527,1141
927,158
5722,818
11702,2677
7830,1878
5095,2835
21753,870
3567,1536
1459,1270
12560,809
315,1765
12687,538
26105,2788
11889,1079
5510,745
14602,67
9517,2506
18393,1566
16774,586
245,1006
1190,656
25185,911
3966,1471
2460,1425
5005,1299
22776,786
10857,953
1662,1319
20616,1540
565,747
14837,130
16523,1674
20616,1540
4607,598
11639,995
1139,434
15196,1259
2716,558
5266,597
7660,2408
14634,2849
266,264
8162,145
994,339
16936,1098
249,1782
4577,876
25786,1462
10707,576
3428,1177
18181,854
5552,2596
12748,258
4109,2016
27193,619
19578,420
8931,1406
2201,629
7162,17
2063,1835
7961,1082
217,140
8924,108
1204,2001
29136,2389
24869,219
11440,184
557,1012
23209,1449
4973,1528
25064,1372
254,570
11452,1694
17872,55
22913,1160
21943,2995
13016,370
6193,241
16528,127
6185,1362
3534,164
16676,354
7288,1534
9798,446
2750,706
20625,283
14693,1913
4993,1430
10057,210
588,3435
33049,462
23324,881
22766,237
7761,618
3257,638
8851,2587
17372,2056
20345,376
6283,2015
22171,962
31268,1236
31997,1492
18953,348
1618,924
4200,1258
22265,223
13183,247
3895,2345
29053,190
188,196
7673,1023
6282,987
7825,1351
4866,1672
27446,309
2344,1378
1073,1605
12429,219
5,396
26834,2074
8092,2157
2582,616
13331,2153
11533,1127
15580,2410
9142,3043
592,4311
15100,314
1453,2319
21232,1304
11334,1363
7259,1190
3901,2089
18014,346
23722,625
12157,352
534,268
5456,504
33003,2401
2593,257
19926,72
13998,1520
14855,1092
23517,2112
28970,672
2290,1245
19131,2714
11043,491
1376,1712
1924,152
11037,153
4642,1642
125,718
11643,699
8286,1005
24173,4549
8797,1950
1910,813
1815,392
7081,2112
13593,2219
8039,2013
6323,163
7463,1467
26188,657
24475,2144
9685,1465
126,286
11478,417
8848,1436
1429,2749
13229,2185
59,1533
4057,530
238,1133
5804,1530
11679,748
351,2854
9886,1486
2552,701
7439,73
2166,1864
8048,1506
19753,2134
26234,579
24938,1170
10870,660
21484,1102
5132,1402
7520,1960
24636,2469
7348,247
12157,352
5427,1268
30942,86
2590,827
3131,475
3855,722
5392,563
1372,37
11043,491
11400,1656
249,1782
4436,3197
8714,62
215,740
194,2813
1182,1192
30509,1612
848,314
4244,250
8423,958
15176,3342
9628,823
14504,633
22017,773
14424,2672
25474,707
22,997
4348,2645
31,1332
20579,2775
9518,166
1256,1293
471,195
4938,1560
13907,713
1430,486
18034,247
29057,202
14614,2933
17908,1740
0,1891
6597,49
10605,3139
25634,3432
11200,308
6712,420
10167,218
16628,580
23618,1
202,697
99,1589
1746,1874
13764,1963
1756,1861
1258,619
2594,664
2190,1256
31971,1918
653,520
3405,459
230,2106
11992,905
1798,883
163,362
166,966
1104,1271
14576,64
25975,108
21,1519
18054,243
6737,204
17260,1368
19806,710
6192,41
8443,1234
1214,2076
2625,3420
8128,2326
5704,675
29507,1537
2831,1481
3608,685
10231,742
11982,67
14664,2357
15357,849
20212,167
2840,1650
21485,174
28,1324
1986,624
9098,512
2032,648
131,1317
5247,398
7546,717
15116,373
5138,979
18940,1468
3562,240
1265,251
3128,2370
5083,161
15271,235
23645,22
13662,236
18758,390
22498,2877
11425,52
1519,2100
4093,1110
18486,2557
883,1657
30081,1110
143,55
427,1436
1149,834
5894,2677
1654,456
10517,350
2362,2240
11760,1744
12403,1177
28705,907
15297,633
3718,117
234,1567
3095,2344
6061,468
22523,1510
620,2035
4675,1118
16015,2088
7953,3080
8287,16
5366,1615
77,2192
896,1634
8014,2341
1899,739
10431,2652
337,718
6500,1499
1176,711
15380,2480
7702,1590
1620,936
19931,859
6378,2458
134,1393
2521,80
7558,863
23042,1396
294,323
1358,43
178,530
813,634
1687,166
8637,1212
2126,770
24091,678
2568,2130
16011,3621
176,3264
8311,2333
13688,2399
13380,448
13913,918
552,524
14398,403
1460,2538
21429,1944
7365,50
24400,2885
3072,107
3509,614
12365,364
31884,964
23791,615
14403,903
7825,1351
260,2918
17224,751
3558,636
23740,1266
7938,1505
17097,1687
28834,912
12155,38
20282,892
13285,1553
9234,766
15618,1569
761,2234
779,399
21298,2903
1561,741
2426,1251
17272,1384
9057,1161
1308,3299
30971,391
2019,298
10832,746
17063,694
2144,994
2,376
9324,2202
18973,3268
12557,1039
16470,150
25536,2068
285,149
14307,801
1994,1328
7982,989
771,1042
2391,400
11233,947
14688,2112
9087,2626
1277,1871
18201,528
542,582
4959,532
499,632
8809,82
306,38
2336,597
4047,844
1179,1260
12608,3257
21961,2815
28413,2621
18356,427
10734,3789
15989,3695
26056,1705
9854,7
6524,1821
8550,225
8475,1796
3586,962
9793,1214
491,1031
7223,1714
1162,246
20060,1308
17696,525
887,1056
15578,1338
3581,3059
1213,1526
245,1006
12339,158
8294,133
656,1427
17821,221
364,977
33288,1759
12350,3437
3270,1867
13631,1485
18379,2164
16996,2826
18497,544
7601,232
13287,704
1079,1428
21027,217
8950,2598
1760,654
17250,680
11775,804
4712,2977
7956,1257
5512,32
1188,1268
7316,252
1462,174
20921,1800
2834,1595
4273,1518
2611,884
16398,159
11767,1724
13313,1778
3943,1040
453,1478
13392,214
1123,2005
11811,744
3786,893
14060,2721
315,1765
3393,294
7750,346
7765,2648
2460,1425
7268,2321
3273,1494
4684,116
9455,254
15229,1717
12663,33
11604,2001
9293,2559
18203,297
20278,538
21430,1617
4353,320
11379,1221
967,152
340,342
21528,965
23589,403
29510,1618
16001,616
26293,1137
13142,902
1325,493
8140,1649
33673,219
6230,2281
13252,206
9683,188
17704,4474
11464,3208
24706,456
956,4154
21943,615
2059,848
2880,2070
25471,652
8786,655
12432,1557
979,2348
11783,8
6703,1510
6,136
2260,227
4264,1280
764,2018
2276,1127
7872,58
9929,1496
10421,499
25305,415
18028,307
1178,99
17136,1649
3802,136
196,805
6501,1517
25070,2608
21676,1582
432,1987
4203,630
7000,3682
17713,2064
777,925
1244,2574
7704,532
17474,16
2951,726
17779,281
33,849
12784,2733
15914,3119
4530,2782
23606,1565
24076,374
19964,3154
24762,690
23065,2219
17020,3675
12667,1581
6708,157
26148,2144
1048,1718
16069,1403
8706,468
2089,1054
372,53
7119,1978
4064,1162
2931,216
13000,2255
29375,2464
181,1097
22343,2401
3830,33
4890,1297
668,1561
6222,520
22265,223
6125,384
20702,2184
3277,509
3419,1219
1924,152
5369,305
1070,1324
26442,971
843,100
9149,2608
3429,9
3098,1040
9900,860
9180,295
544,4175
14934,1204
26605,2920
629,2119
1749,1145
293,183
12320,351
29424,108
591,927
2989,605
17134,2680
262,914
13577,471
22427,1863
28601,950
18446,1038
4307,729
23471,342
16131,226
15,558
1803,69
9489,390
5527,3192
4636,84
2360,1546
378,794
1903,107
15098,3176
15830,281
15229,1717
6368,677
9531,1228
3246,9
19819,1104
28941,2519
427,1436
22059,90
715,70
1121,549
19618,584
27450,1808
3443,755
27905,358
12731,408
10881,2015
13264,121
11429,1702
18389,269
20125,804
7777,236
188,196
5698,344
11564,937
821,2527
1547,3327
6677,844
11308,1051
7371,1462
30048,527
4995,262
18515,1413
27375,2821
17459,1158
8915,1426
13421,150
558,1000
3589,29
3085,1670
24496,1689
1081,2415
20876,1186
1875,169
17132,1867
6078,3024
25827,4575
24587,1019
5194,354
7808,2712
20883,1304
5853,342
702,3060
21801,3185
16831,833
4993,1319
23634,1849
29259,2871
1841,270
1332,984
11747,3433
6425,2005
27957,2838
8631,1532
718,463
5000,874
463,4410
13714,1889
19210,1026
4370,2561
8859,2840
17817,4055
1564,2086
21082,1338
657,305
15766,2106
5505,1047
18050,597
28112,541
22177,2202
4524,379
25355,1235
13216,663
394,1051
15879,2099
4940,2535
15478,98
21792,3521
12115,3343
7894,2088
9390,2354
27352,1476
805,1814
482,203
963,681
1415,1070
28976,810
7767,688
3847,1496
6362,786
5634,221
12402,110
29960,177
11965,3961
7662,190
1388,3203
10036,1083
5273,129
15923,551
17445,343
273,505
7,1206
881,3098
22046,754
22360,804
1788,823
8251,1973
24734,1875
30527,887
844,3608
868,380
19796,3465
985,1901
301,2212
2118,1076
155,2409
22651,1306
5446,874
5761,1587
11740,2859
372,53
22899,902
2142,268
18374,1413
4632,148
5121,841
767,2512
13240,1176
19054,2540
6904,1089
25078,2921
3504,2450
4162,184
8,606
5814,717
30006,1561
5528,1045
1253,1409
507,445
16623,141
30726,2342
85,1102
24705,1245
13245,645
13807,1941
11702,2677
4481,1911
21428,2606
16311,363
762,304
2680,77
27322,81
30665,1468
14222,1493
11221,552
2201,629
424,987
13630,2162
24919,1196
1559,3407
2228,945
11054,1178
10590,673
5789,1888
5311,512
411,395
7139,251
31272,1338
7305,2010
818,979
26811,568
6912,925
20264,1003
14767,506
173,911
15984,311
19,153
4215,139
414,1613
15522,2952
8611,196
17397,1983
3847,1496
20319,2023
362,1397
7940,1281
4142,1597
5798,522
8290,1449
25576,93
4847,2943
201,660
2104,1174
23235,1271
6167,506
16771,2135
4165,933
196,805
5901,1711
5551,2385
2970,1282
2835,44
10099,1652
22962,3425
395,978
21926,187
2630,2002
6245,452
5524,188
12,1208
7042,1426
3807,468
2370,843
899,3904
8465,239
2346,2587
11685,3657
3360,2151
12336,378
7017,129
32378,830
5501,1111
799,84
2865,1248
1102,542
10176,1098
4991,716
860,2113
4,1183
23952,2494
9751,1333
2192,2152
84,1439
11252,995
31273,3169
9044,887
4841,238
15831,1975
1486,549
581,1007
11970,1733
10955,589
2951,3878
816,395
1482,2005
11824,3491
12467,540
14792,1636
7001,1270
16434,73
16786,589
28628,1197
19994,3330
1348,2300
8056,2137
11981,1069
24993,895
10584,814
2345,387
27040,2054
4996,2374
2618,596
685,1046
17225,2875
23892,20
1061,702
2549,2435
24639,217
3324,1119
15104,2227
5351,462
6724,2933
1333,688
6082,1565
15158,1210
1418,91
10514,115
3607,1057
23700,1044
4515,2346
11971,3223
16666,294
13093,458
1820,826
637,579
8984,815
6495,2938
14502,1030
22775,1631
8876,2843
2704,172
2624,1371
17790,3249
282,1147
11933,186
2278,6
2042,272
1203,489
753,2503
14344,503
12755,1435
26531,824
19229,3065
1907,742
13538,1407
25860,1804
19432,773
1368,207
4830,149
1189,294
23145,571
21233,2074
16484,1286
16257,146
29365,95
415,3078
145,2063
14040,1251
19127,766
16712,391
14688,2112
5724,1530
16605,1765
2181,58
8075,302
16075,2798
3260,3676
8916,1801
2642,1494
4282,1517
8272,196
23825,1345
457,501
7602,615
18586,600
23865,292
2778,3314
13313,1778
1909,1370
6940,2909
14889,670
20723,892
11244,23
10680,588
21807,1465
9897,23
9946,3309
16454,2398
19824,1329
25021,150
752,1159
3288,900
577,593
21111,420
17875,449
19422,1341
3875,164
5975,3594
9142,997
22562,1359
9988,977
827,1615
995,352
2638,1932
3140,1929
24530,193
34048,2053
26684,324
670,774
15108,682
1196,2536
13830,1197
17043,2837
19682,832
6803,1044
3744,2750
18201,528
20490,73
4770,8
26817,1790
5545,649
12004,1562
9419,50
1103,727
22463,1585
1317,239
2752,3633
18631,437
17312,2575
1678,507
7775,964
4258,2
361,1603
695,1608
14306,1665
3404,32
14983,1103
12278,29
7555,295
3864,1558
3604,462
4504,773
23117,721
14589,552
7818,807
9492,1970
16034,1222
2287,448
2040,273
14499,2211
11446,2846
5314,147
13420,726
6374,3607
21547,1212
4571,2211
2585,631
22133,189
1154,1278
25049,2650
2927,1395
3,831
9939,1071
27085,1110
17879,447
22920,559
10931,3555
10603,961
13299,1442
7509,1384
4952,1997
16123,2964
11623,51
25676,3106
374,83
10527,2474
25490,1435
27351,3341
1135,814
208,37
29085,3317
17281,1612
1531,1281
9713,1329
10398,2054
7249,405
6328,916
25794,3425
587,1823
5147,1430
6391,265
72,948
20457,1066
2317,1665
24817,2995
3213,132
1116,1404
5531,1403
18866,511
27157,2854
16546,1650
15766,2106
14072,992
34418,447
5693,223
26650,1365
19454,404
13553,266
23272,1221
20298,2906
2614,122
16419,1182
25756,1103
1053,692
19340,1398
2184,2277
2954,579
13971,1036
337,718
1831,524
2082,1098
5285,1859
4570,1063
23729,1734
826,3120
20324,1373
19912,446
331,652
20877,2012
14257,1127
2093,842
307,360
7640,1080
30,115
10165,1747
6295,2234
6285,2606
8321,469
4103,1441
4129,3277
27717,313
19661,202
30970,1589
26156,2257
3643,462
3506,1133
18388,504
24623,2355
8096,358
549,3268
30226,1125
15970,552
755,1554
10346,2646
6556,96
1740,1312
62,1140
969,25
1662,1319
7946,267
11660,1512
10214,319
19510,1025
23944,1809
16306,1340
7816,937
11468,343
214,1911
13621,617
7817,1797
1502,185
9329,900
88,1592
5261,2176
10231,742
1671,1270
2867,257
98,32
21311,120
86,2340
20507,1082
1303,517
5084,501
178,530
20848,1660
14851,2191
24163,1030
312,184
8576,690
26911,696
2275,1875
1029,638
1327,646
6647,922
200,850
31907,699
5816,3122
24352,479
12482,754
4665,299
20195,411
5750,1097
33073,3544
4133,2833
1153,4300
7865,2481
10897,1963
23491,2066
4332,290
229,902
32106,697
14312,2253
10505,1761
579,3192
8260,1895
4371,2925
1924,152
1412,390
119,1102
14658,1003
1,535
8409,3618
2885,520
19098,240
4187,802
16318,3861
17274,2865
15014,834
3240,19
933,925
10148,2493
15231,16
11850,1944
13338,1845
15020,793
510,294
3709,2286
30566,2142
20320,3400
523,54
583,986
25266,2359
24247,381
18186,317
23053,673
17644,187
21630,3013
3772,2280
18530,2067
23787,435
29113,3636
2811,44
7708,2718
10935,3361
1567,237
8411,364
20205,508
17465,1135
13676,1324
1317,239
7506,1305
21601,431
5355,581
10718,1088
16912,912
8936,1085
3031,2354
1294,139
28638,1613
1752,2217
22986,1110
12776,1242
2671,845
25668,1911
9430,1012
7977,1631
5656,2082
25964,3483
5442,759
3934,771
12042,1429
5646,2242
5369,305
5435,40
6576,2402
10931,3535
19239,45
590,903
23163,804
21850,3487
11732,482
24327,715
4749,687
13941,1445
1042,2535
13899,3016
21864,543
890,1304
9150,43
6629,291
13608,101
9928,26
30249,1682
12152,143
11739,232
1190,656
4156,111
3887,2848
992,1003
2270,781
12166,36
3815,328
1999,1242
19395,2081
551,879
19646,1353
20000,2082
13686,77
13489,1730
7430,316
10526,1411
12501,2274
1157,512
19775,1771
4429,1123
1912,1537
1125,1594
6037,604
4957,523
10987,906
4481,1911
19275,2056
25809,1799
7728,2490
230,2285
26549,1422
12362,3037
2732,1018
12663,33
1848,716
16619,1272
14218,1330
715,70
8104,677
12229,873
14563,484
13955,437
993,2188
17445,39
20134,263
30990,756
7313,87
4347,372
6657,123
1293,754
16,252
1393,2051
11785,59
757,329
195,41
12242,3404
1237,990
10317,1440
18073,1590
3829,117
24063,2400
524,2332
13988,1062
7074,343
4787,16
27633,1155
2698,1212
19501,90
1681,23
4549,444
2667,2780
5275,562
8043,1617
1074,113
9074,1697
6629,291
2183,562
8832,1561
4767,3316
30817,1316
525,1509
8164,1778
2799,3881
1786,770
9082,2865
25365,1466
2498,836
5647,3059
6233,1874
20516,2355
9837,390
16387,723
19779,1904
18778,2595
11345,3088
19947,293
29597,1032
5966,3177
13653,3047
6896,3492
24737,1811
7855,3020
4224,1719
147,627
5896,1711
10171,193
4252,483
20432,79
30610,570
28509,50
10999,232
1422,302
5017,888
1092,23
18228,1380
25846,1106
13001,3381
10043,1496
6941,808
3099,1329
4,1183
9936,70
1394,1442
25459,2888
23498,956
23144,466
19842,347
21576,3240
14664,2357
11198,1618
10596,535
3436,1616
4979,734
55,3587
3409,387
10742,907
27954,546
4975,1116
7592,296
7057,2215
3927,525
7561,216
5004,1001
6152,1221
1296,113
864,919
3867,327
140,204
3000,122
14635,1230
22300,364
3863,1679
9058,1745
4954,2484
93,2704
19660,1946
2043,1405
4173,525
3517,788
18086,1435
4206,1084
8671,21
936,1752
9078,2451
8302,689
12536,3120
561,1602
6099,202
1372,118
442,1258
13679,1424
4704,1414
6348,297
537,2000
21851,1502
16432,1610
25120,1352
28390,81
49,2141
15494,631
964,2792
4168,1981
2400,161
4632,148
9250,1441
5281,2377
5850,2407
12742,112
2445,702
5474,1212
3324,4410
41,3553
11648,1245
204,1941
4031,330
5705,1155
7526,119
9258,4
10941,23
1317,239
2997,1280
7377,694
4136,456
8455,1861
5205,1861
6392,1005
28662,2192
216,589
26581,9
7355,2216
3866,1424
20832,243
19119,1957
8603,336
11062,643
13135,136
245,1006
6720,404
3889,101
9687,1311
1162,246
8282,2271
27205,1245
13841,730
19,153
13705,645
30970,2646
10735,578
24137,177
7440,2174
4717,994
5160,669
1356,381
673,3406
2413,1684
31103,2001
1966,521
12722,136
12842,1459
13770,62
17511,1566
3128,2370
1,535
19812,354
1299,1425
13759,2288
15464,167
8243,2734
9342,596
2710,2402
19571,75
7098,154
1862,947
20281,2034
51,1954
14332,2045
18946,1200
15942,2057
217,658
1006,1144
1560,2307
5639,1759
2020,2740
27570,3203
8713,1366
4466,60
19311,2733
10770,1427
29430,302
33670,951
21220,1729
677,3371
13300,798
20364,2232
14421,132
11122,1884
12864,2662
707,745
16749,507
11657,1677
337,718
796,2182
7479,356
4600,124
25794,3425
8005,60
9924,525
8418,3241
1201,467
9450,1220
24250,2622
32610,978
14020,99
5338,2466
14632,1178
287,248
19090,3824
219,1485
15850,1108
11809,584
12732,119
12042,1429
20543,1196
18422,1052
1810,39
9287,2369
4324,16
7528,1379
26,763
13525,3144
8967,174
24320,123
3216,1671
4089,25
29940,1728
9548,107
7739,4038
1021,138
849,1032
708,242
7878,1080
2994,2273
385,2768
3525,260
1178,1992
3012,711
1634,1100
91,2491
3086,4006
11655,1811
6392,1005
24829,91
25663,1628
1544,3766
18924,1110
16663,1320
7144,2581
13717,996
16430,1660
10137,856
26459,3681
1698,763
4595,296
5269,685
2296,93
7997,1351
2931,216
17927,876
4049,2052
22367,191
14543,2459
5159,686
26425,225
8554,374
623,1449
1195,543
18060,2107
3656,1317
9282,2896
20259,2200
9604,20
20506,840
14672,3878
39,778
23434,2616
3185,250
26461,785
16593,265
708,242
22686,1560
4289,673
28632,443
1720,329
1245,163
13990,800
28302,1833
4141,44
8653,536
3342,1110
582,1426
18339,15
8945,894
8957,1447
16660,1828
15190,3238
2975,1013
17127,2000
4400,3591
6982,2656
20982,880
9645,580
836,769
31533,751
3090,1236
3827,1151
4128,2058
6353,210
11916,656
1299,1425
2967,67
8814,934
1261,783
1969,1389
27124,170
1630,205
1717,351
6589,2566
6875,3209
18998,11
5516,35
6,136
29801,1176
19475,2171
387,4077
3877,2530
7564,289
30885,239
11600,768
31585,430
7977,1631
4227,1189
27051,967
20951,2634
14923,509
4156,111
20942,922
8325,0
316,1776
18704,624
8735,2333
14515,3996
21518,2533
5959,161
8818,278
2633,1896
514,100
621,133
14938,283
5654,2989
28775,224
26232,981
9115,1102
5544,193
1205,687
22027,591
14349,2151
2561,973
12425,4102
3709,2286
6197,4136
25138,448
364,977
9481,1609
4973,1528
4283,1139
1462,174
11515,526
15270,1300
4631,726
14015,2182
28764,1095
24910,307
16212,721
249,1782
1309,1657
24403,1150
24730,323
2728,19
2910,2984
1629,1394
14561,348
22263,1102
2268,2025
7168,1286
531,1726
99,2167
20341,60
2083,1518
2749,1070
656,1427
11871,247
5890,499
1709,1663
8584,1519
7604,375
6470,2044
960,2656
13843,948
2981,332
15682,699
15621,1700
721,1091
7187,511
18522,2035
30656,2735
9741,1363
4964,801
10951,1592
14830,734
4100,1887
14126,2418
21626,1323
18287,1181
13348,1021
9079,774
20744,1981
28757,944
1311,2255
31453,3535
12359,433
26010,2
1416,416
414,1613
1186,119
14066,35
19003,487
6941,666
258,1253
12504,2276
17454,429
1638,1426
17884,1279
11968,1054
4518,1370
13402,782
6577,300
1385,2642
6399,612
6375,3540
12313,985
735,196
2370,843
3734,2121
21811,1202
4634,2794
266,831
2659,2992
32706,1994
344,883
19473,976
2919,795
2152,2706
26809,186
25257,594
2605,321
9940,21
3260,3676
23331,2017
3510,1716
27625,1406
13769,2329
2128,124
1357,146
248,387
3400,765
4334,1319
12707,2295
8494,2040
388,1715
17073,631
1265,251
8130,828
5364,1372
32200,544
1619,1638
4115,2423
718,463
330,380
19689,498
2006,1014
1766,442
14194,3200
23065,2219
9934,107
6794,1394
2217,1911
10587,2422
2471,3940
19562,2107
22553,391
13588,2286
11780,1360
6777,734
209,52
17871,2154
6600,21
15,1568
16803,1118
4106,2173
1408,700
3255,215
2602,71
8843,2173
19378,607
5210,848
6419,583
27492,1527
5535,176
3597,2926
44,1011
683,744
23696,3313
41,3553
7416,2292
19375,154
28837,1660
1290,124
780,616
33170,1591
4756,2970
27106,2560
9400,1505
14555,275
16249,738
9473,149
26962,1968
6484,1466
21773,136
2625,3420
3203,429
7151,161
29579,283
4489,1640
17285,1804
6802,341
2040,1512
1279,1996
12574,2828
7330,228
20517,1378
21807,1465
14935,1857
370,2765
2244,1962
4499,935
20420,202
15472,1533
7941,1089
30872,321
3356,270
3817,119
16030,470
4165,933
5458,662
22656,288
21936,1654
3047,994
21884,2059
27091,1246
11052,2446
335,1865
4938,83
14236,1149
26998,2
2809,2634
6574,380
27503,3197
6864,508
7760,110
33323,1941
28329,2500
4340,348
26477,2629
1376,1712
5886,2146
5594,1190
13056,955
429,676
15430,330
7788,1172
17139,1654
6432,250
11914,1058
3273,1494
9226,17
3721,268
26255,1394
22377,1249
8,1204
537,1467
2328,1109
11045,652
8901,1006
2912,2051
3751,1195
21439,745
8922,529
8739,832
15279,266
6925,939
7686,1676
16867,2091
843,100
6902,1122
1253,1409
29561,2500
32301,2865
1459,1270
18951,603
14793,1632
3166,575
56,3207
171,759
4177,1449
16072,936
14914,215
14926,1794
11446,2846
21988,1420
22942,1212
9949,816
8493,552
16275,3043
2030,673
3074,257
1438,2119
28234,122
2552,701
18681,1801
26979,376
89,403
4385,1174
3811,412
2695,3144
3180,138
280,1997
16358,2406
30942,86
9835,892
6831,190
869,1634
9039,1745
1019,852
5791,1572
20221,282
3179,3270
4171,890
280,2045
3302,241
747,78
13647,1522
16905,2350
9456,3250
3986,1270
12919,966
5355,581
20932,831
8571,1384
3974,167
3018,2151
8532,407
508,2532
2281,2481
19186,924
26839,1551
2442,549
4817,253
12801,166
6375,3540
942,178
29646,725
23136,9
4548,2241
7814,2725
84,1439
8444,571
7367,1172
1506,772
5116,2191
7333,2847
5296,1921
4197,183
888,149
6633,251
14469,652
9993,581
1195,543
5911,3031
11390,362
7347,387
13646,3325
14410,508
12910,861
610,451
26305,1345
2147,1248
2628,673
12726,1715
15116,373
258,1253
16849,1153
12693,1294
6142,243
1292,491
13820,1423
5398,3223
12763,608
16181,209
8097,114
18605,871
6430,274
11465,1965
8067,1557
14134,656
21190,2985
17776,168
11267,2521
23359,1056
7038,2380
16073,901
1328,2378
1922,2679
3581,3059
6215,813
5022,802
4026,179
8016,1735
3557,1339
367,3504
22043,276
14295,56
2610,3469
19568,1127
28586,222
411,395
21616,1508
1,535
18814,451
26768,517
857,4218
24864,507
4,335
1246,834
10923,97
17391,128
19395,2081
9468,2032
10325,749
31059,272
24587,1019
2895,988
362,1397
6949,277
6499,727
30430,2073
6551,643
4356,748
28969,1298
5416,25
11435,682
20952,899
9575,1452
71,2979
11429,1702
535,1027
1705,1728
3323,1579
2606,3502
752,1159
4503,735
12602,464
6199,2595
4474,546
1122,17
1943,1517
20897,1777
4102,1964
10585,1476
1861,3815
13760,55
516,1001
13070,522
471,195
3847,1496
17711,1264
15766,2106
16569,1209
79,3815
4147,3725
29,1659
6797,2970
19953,1148
1146,434
8136,1732
18631,437
2696,1263
6946,2066
7099,247
5620,2742
2302,3280
1622,479
9384,639
8042,753
2161,2253
15127,1671
5364,852
601,8
2592,230
16841,1051
27151,441
31706,56
2975,1013
10841,3691
3948,1396
389,2059
13416,3048
