lhs,rhs
1326,386
12257,3958
1152,37
2924,2034
665,8273
2998,5846
791,627
8097,374
346,4076
15750,6567
4071,3211
10754,5752
953,5614
2743,3523
4901,8713
398,160
5533,1439
4032,242
6849,1925
9127,2961
5071,1065
4722,127
10310,129
1391,1137
8256,2741
1078,7821
9449,3336
103,5589
2500,96
8074,2232
4807,3981
4548,952
918,276
3153,3384
10428,3662
6232,2626
6296,720
2089,4819
1767,7749
5193,8174
7418,1820
3697,660
11588,2236
5162,3730
21559,4495
23128,1877
3108,3331
1927,1851
16870,8160
12006,1342
2854,2822
3051,2494
5422,517
909,1492
3465,5131
3513,2277
6803,6562
5187,1468
135,5885
7054,3904
2741,8460
375,845
458,195
6176,1146
1326,386
13009,3494
499,416
9734,7094
4460,3971
4,9742
2393,103
2509,1449
6352,1107
29,1051
3952,2959
11040,8015
3772,644
8542,1608
6945,1923
2528,165
253,5090
13930,0
9922,665
5560,4577
12082,2899
4083,5674
810,4308
23492,2415
2380,4245
4071,3211
5080,1202
5692,848
4788,1292
1497,7117
3065,7880
6308,7167
15352,231
13252,6442
1972,581
15722,4004
4806,5051
9158,9008
913,3856
12039,120
4242,1118
163,4048
7806,277
3404,8476
1646,1884
10687,5338
9907,7
12109,4997
2942,1026
99,2595
2537,6160
3574,25
5484,2225
1077,792
13475,1324
12514,604
8159,1213
96,4913
18659,1192
1311,4328
5227,3719
7259,353
760,2830
3461,633
1709,6025
305,418
2325,1566
3710,1110
3727,1924
9729,3663
155,1446
8280,4717
416,6014
449,240
3498,281
8178,2849
6332,4113
874,393
2990,599
523,2778
104,168
13108,3225
5553,647
3320,4332
8689,1323
376,2146
1297,2035
1545,8269
8569,8252
1244,848
2095,9391
3169,6655
2380,4245
863,2054
13725,1398
9928,1389
1237,8961
4758,397
2695,4745
19061,2577
1467,4730
13834,5744
3770,1528
16134,6714
1373,4772
2712,7986
17953,549
918,276
9701,52
5490,4895
1253,2224
4016,3080
5032,4264
3579,3039
900,6173
3447,4609
952,333
17811,5673
14277,1896
2807,3657
8533,4188
12048,737
7373,7721
12289,1420
15855,1498
4474,273
17325,747
41,3259
3439,1632
12039,120
5261,5395
2985,1398
9180,2810
151,148
8976,3929
215,1902
12055,32
486,3365
6242,1188
520,2975
14205,465
9870,489
2174,6803
3689,3190
2343,3332
4345,167
5479,357
14040,7898
6122,5331
15984,2722
5266,3165
11435,1905
7619,3560
1192,5909
6692,5897
15884,2459
7083,61
1872,5451
3740,3092
4128,1923
7762,340
3515,5503
4265,402
3424,1396
17161,1071
1892,1605
5770,1486
17528,474
3736,2728
4367,1327
9770,138
1312,6
7728,3367
13659,6339
111,8365
5728,475
11349,3073
2404,2855
14350,3215
1654,46
3516,2361
542,490
2501,4849
18444,1690
9984,8703
710,2009
6762,2878
5528,3316
3605,30
4955,1423
1842,6680
5722,5908
2027,6366
8827,1297
1804,4538
1559,24
6597,4713
4792,2570
13960,5752
12152,176
2447,7897
5594,8096
2104,1055
3882,6990
3572,2842
3210,2887
3616,2347
6001,675
4615,2644
1549,1484
2021,9263
8991,5795
8431,6553
3071,5448
4334,4143
18581,1576
12169,1073
8729,172
3630,8613
6598,312
2719,256
764,3368
8392,6546
8745,5300
8227,7298
988,6312
278,8155
1796,6089
9276,490
5355,3691
2812,3418
429,9659
1020,6656
1301,7316
13145,4164
5610,1798
14851,5803
14350,3215
10035,3762
7062,723
612,2064
4538,3654
652,3616
14467,7218
15431,3238
14252,301
3865,165
20288,4069
4754,5095
2212,8
8255,5180
4217,317
0,4440
4002,6797
46,3742
19902,4071
2625,4534
10578,250
3499,1009
5454,930
5173,3430
642,657
51,3504
646,7938
18779,7821
4707,5003
532,378
10480,3468
2154,1331
3711,1108
6187,2111
21326,1894
3565,801
5176,784
5541,5153
13158,644
3508,2354
9190,4666
1329,2650
4274,6354
4444,1374
5904,5618
5054,1305
151,148
6431,6495
3044,4229
19818,4832
5030,5008
1234,1329
11277,7021
1256,396
7274,5584
7410,142
6667,8482
1229,4148
478,524
7764,566
3768,6163
736,6681
346,4076
10472,1715
4111,908
7205,240
503,3299
1333,4030
3055,1270
2348,2074
1662,2685
14485,3980
14236,28
2309,1818
6223,3629
19637,1548
503,3299
7739,519
2565,1677
11132,2784
4501,4394
6987,595
666,6599
9419,6444
4308,820
10243,362
1684,1407
8205,8444
9384,1601
3158,8047
2764,2529
1255,7235
5652,361
7594,1871
5511,579
5745,1583
4461,3756
141,1482
13,1095
13257,1190
5595,7771
202,7429
12479,4568
3765,3743
1949,968
10333,9516
2902,4216
1479,2294
3649,1077
16431,2153
1490,22
3975,7543
8620,3077
6804,6235
4185,4163
2787,1870
9646,686
2249,119
265,5027
5371,480
1761,848
5577,8
5225,479
1391,1137
6356,6300
144,3071
7525,1203
10059,213
930,3225
8343,7017
667,3897
1472,1517
8673,716
176,288
1855,2944
13272,9308
793,2381
5715,4802
1738,6967
3561,444
13073,6413
2562,1385
12142,249
2243,4059
5522,2939
1734,2823
20802,3926
19746,1317
10967,4759
8504,1452
12813,3362
2722,3973
15007,8522
3329,1652
1915,4105
8017,1258
6825,872
311,4453
5367,6288
4418,3312
4259,1586
1904,2548
745,2930
8297,333
20455,731
14783,191
11138,2366
17784,3067
1923,7138
14740,4387
10382,2552
5950,631
11151,2680
1594,4626
15517,6466
2138,6188
5245,3317
11138,1256
9785,1273
1626,7579
524,2868
5320,2579
1218,1756
17153,789
3821,231
11466,4207
5326,117
1433,6943
9488,5813
15484,2672
15878,925
18411,2766
18383,4723
7718,1394
8459,1966
811,4528
9522,6807
2326,6900
1854,6715
6070,2567
11340,7071
9902,3359
15,2145
8130,4316
6583,381
3667,557
5277,1717
14467,7218
2258,2464
9589,4759
8584,5162
17862,4298
2096,234
2451,3685
10625,3398
7900,2403
3567,2820
8996,239
17820,316
6845,3980
5978,6511
16219,1095
2671,5366
6158,6592
2190,353
6182,599
2517,3097
12027,9274
4598,725
2605,2239
4276,5828
12041,1084
22365,8625
9738,847
9731,445
12184,3213
4965,2887
3551,440
1855,2944
3983,1710
9615,4983
1641,508
16106,5248
12834,6420
24393,3311
7088,3853
32,2464
425,3186
4588,551
2792,3458
1266,2940
3685,6016
2559,2586
3910,2205
7577,1902
7913,974
19276,773
13337,1436
4357,1258
8234,741
17648,7316
12967,5148
8395,2305
1346,6656
273,975
20530,741
4313,1534
6295,7897
4099,189
202,5289
2556,640
1329,2650
388,4300
10277,1930
2471,3487
1493,4074
11584,193
6496,6399
4864,3079
64,43
1989,3808
5643,3577
6696,4829
6154,1315
6630,206
3766,482
3335,5131
5303,2981
2783,4986
2937,128
638,2333
8574,188
14369,8336
3287,920
8196,2685
17427,8880
8539,8584
16224,6469
1203,1715
16590,2031
1949,8613
2905,6974
15711,5762
6824,4691
989,4823
4379,3934
4269,1357
410,4818
1624,2350
3836,1706
6035,876
5070,2915
2918,2349
15878,925
7392,1724
2591,4332
7387,4616
6650,5205
8745,5300
9201,3323
8205,8444
3534,3880
11314,1213
7993,5404
6909,6209
7964,8932
2904,222
1833,2374
5447,8398
7128,66
11770,3624
18060,1493
7106,6402
9342,3437
2330,3611
7107,1267
6017,2739
9565,1857
2227,5394
8973,3697
11214,6882
5010,2929
2385,2478
2174,6803
3667,557
6377,2195
5145,6599
2650,735
4373,886
5843,832
14722,2137
930,7270
2280,29
14287,1424
16128,157
7251,3482
870,68
14855,3896
9333,6463
2,8537
3007,919
2329,8544
6627,2048
3669,2541
7917,2070
7870,1314
15655,1488
9683,233
11733,3146
4662,8945
3999,5157
9239,8416
14200,1751
1539,245
2427,9641
26977,3109
6973,939
753,3
7875,4235
14768,3216
2170,180
1389,3167
1065,757
11195,6102
1478,5965
7385,659
12720,1907
4436,2834
6600,306
3384,3534
5272,6070
3577,6865
6569,5901
5397,98
2262,1861
199,5978
18576,6038
2420,137
940,9064
3043,6305
959,1185
7658,6378
317,1625
386,1326
532,378
4168,544
13513,5017
7606,2419
3225,1128
2222,237
620,1469
6783,3062
3179,6061
4800,7077
11351,986
3564,7369
1172,3062
1691,5620
1403,527
10148,1220
19344,7607
14065,8959
1543,5612
2770,612
575,62
1509,6938
509,9355
9916,1615
73,1540
337,2228
777,249
8992,239
2468,7703
689,47
23022,3256
3090,6193
4470,258
3465,5131
4457,4390
2395,148
13510,52
2817,9134
12632,2549
13206,192
4661,4597
2685,406
6943,1747
2806,7938
3566,1448
806,475
4715,2184
4904,7503
11807,196
2144,281
2849,7569
9343,3601
1618,2931
1543,5612
12235,4324
9517,8297
2110,1880
16160,2783
15724,3466
3373,1729
10450,2979
15026,109
2213,1724
2767,685
3429,166
6711,6430
3672,1525
7575,4647
13080,523
4144,9628
5503,7884
3003,151
7575,1797
1331,4703
1567,2128
444,395
11545,8774
140,515
9272,4352
7986,2161
13143,3688
6786,1001
7375,5590
4371,7044
12941,1847
11616,3353
18003,1318
1442,7038
2831,908
9311,15
6773,2611
216,7747
7960,543
11541,6846
2273,1521
729,8321
866,38
11528,4330
1304,561
4620,1341
87,4675
7620,677
14332,2
3098,297
922,877
16803,4947
15641,912
8171,210
13520,2523
9838,7806
145,2965
4116,5435
774,8020
2405,2930
1576,2023
931,1965
9567,7672
15309,8590
5438,4496
3405,2186
14782,79
1357,848
689,1754
4589,1395
6527,540
1940,4257
7280,3478
2968,1993
826,435
1554,5441
586,6388
247,2129
6574,1520
12840,7561
10739,159
16857,3576
3387,4349
14353,849
1748,1513
5492,248
6243,2726
15011,8342
5462,8086
1213,3751
5351,2194
13562,4982
12591,0
6039,2768
16939,8873
2929,988
7877,4856
16656,2834
4063,274
4965,4171
7745,1751
2856,4531
701,442
7098,5492
3799,3524
2996,1528
10052,3506
3920,4516
13325,1764
12978,5426
10362,3481
3902,911
20115,894
3072,4360
5948,726
3219,2647
3391,2228
382,189
822,892
3706,137
9253,5496
15844,1912
12523,782
6024,3274
3588,3527
6285,89
5072,9554
3839,5519
3342,3016
3086,1527
3130,292
7609,3230
8061,1663
9119,48
1477,1480
1671,2651
8197,2820
5794,9659
4062,3954
3370,3877
6720,2705
4178,2137
1972,581
7820,4638
2516,1624
6869,7316
893,7377
8440,1982
18051,3836
21693,492
7298,2491
9950,2430
1726,4713
2458,503
13721,4230
5006,2034
6856,1219
7963,5644
1519,8329
40,3914
17306,297
12135,1097
5130,6462
5467,842
1902,8762
1985,2684
6494,1005
466,355
3635,7986
13229,8700
7327,252
7811,6958
2015,491
21,6604
9781,964
10851,2524
9280,6646
8976,3929
3696,245
1786,1299
7115,7643
2769,3665
3913,4256
4316,6473
3049,2466
10112,4769
3139,2867
6753,259
14140,2318
1385,4195
10620,7755
7333,4714
3036,2198
1253,2224
220,955
1569,237
920,438
8760,5005
3624,2288
2102,2477
6493,934
9515,9148
9525,1439
7200,1769
9313,183
3124,1008
12689,3918
1707,2316
4532,3701
2818,4537
6500,111
2739,445
7839,4724
10763,1711
3544,2044
12435,3541
786,2129
23,475
11545,8774
4103,1276
8374,3047
6888,634
18343,2431
13114,721
3259,1465
126,6331
1633,7737
9201,3323
5361,3356
7459,432
2162,3319
4825,2978
2736,5567
1895,8562
9225,4033
11671,164
7610,292
5799,1680
63,1116
3479,863
11165,443
5720,3418
1443,1986
22893,3684
6666,1090
3239,6519
1560,141
2915,7673
810,4308
1738,6967
6563,1932
2441,917
2495,107
890,3906
2302,1587
2253,4923
4686,7245
6708,90
449,240
10206,6048
1095,1283
329,3160
4902,2450
1231,3877
13902,5405
12255,227
1414,6375
17335,799
3711,1108
2037,1790
22250,3899
7665,1849
6007,4450
503,3299
5946,6767
2251,6336
4781,2508
3435,189
1596,71
4533,4477
15388,3
3667,144
13444,5582
515,488
13210,2127
7490,324
492,1931
80,5127
949,1765
6523,741
5093,3467
10181,7028
6213,6281
1257,1454
3006,678
18673,5788
2600,1432
3728,9309
6239,7811
2768,4592
5197,7874
1178,5785
10343,4412
88,9538
7395,3374
2113,3365
9556,2571
291,7685
2111,526
1418,1006
12400,1419
4199,5463
6486,569
5819,4967
12844,6781
3519,2797
12314,4862
1751,4455
5069,3396
13328,345
3565,801
14139,2780
5246,1847
11432,1555
3237,5864
1801,97
8434,5385
1103,255
4095,7000
746,3625
4647,2293
882,1293
3321,9714
1509,6938
3297,1018
10887,3118
4023,38
5227,8650
2821,6924
2194,3098
2232,1793
6436,4320
289,5993
401,3782
21531,1621
459,8357
4314,1902
15653,6788
11076,849
2987,2459
4083,5674
8287,2291
13067,8736
249,6012
1316,8393
3868,90
3663,15
3888,2108
695,1389
19629,1713
7143,495
12833,1569
3330,2357
1787,4522
7347,6898
17367,91
1320,6526
7203,1131
1551,4774
10090,1231
6545,1161
5796,8342
1903,4312
3775,1375
3441,4111
19289,5563
4852,9677
5660,1552
2538,2837
11275,7134
3949,2206
3233,1980
1388,654
35,2450
4601,4605
17837,613
3202,827
3657,6982
16541,437
12508,2730
13333,6017
8910,7
998,5431
2766,2487
1342,4620
10615,4271
2392,2
2140,3525
17453,9355
2977,7951
899,2407
3961,966
6247,9510
7941,5565
3537,1819
2802,7692
4282,4593
1927,1851
3940,5518
211,4483
2012,796
9184,90
8939,4422
12215,5140
17305,1679
7785,6803
18624,3880
10272,708
8605,2541
16866,1979
14113,6738
18256,6239
11967,2209
4272,7394
4416,1994
8267,5954
88,9538
6745,996
13937,5061
4266,615
8083,489
10351,5163
5671,1723
7435,2082
20749,847
7045,6211
1966,1322
3065,7880
4450,6859
15891,989
4977,316
7370,8007
4000,2408
3247,3317
4479,6610
3662,4820
2865,701
8480,272
16796,4412
2518,383
3871,2501
13741,2355
653,6853
18051,3836
8328,1856
1627,1891
17229,5253
17617,1013
3363,4106
9495,4481
6656,3745
13147,20
15045,1495
8447,18
8195,3081
4498,1709
10203,4802
3075,165
10932,1043
2632,3341
288,2220
7712,4265
7800,2586
2547,3999
1949,968
3087,879
14665,6131
6487,5846
7905,135
2984,8766
13767,8382
5975,4352
10253,2133
1078,7821
4426,3901
16347,2
2440,1813
3776,695
271,1173
12996,1222
622,4068
2499,1855
5018,144
3391,2228
444,395
3524,7019
19033,21
1834,4754
5484,2225
10472,2930
13265,6210
1494,1513
10018,1492
10838,54
5035,521
8098,3075
3841,2305
2500,96
2233,436
3556,1440
9467,4873
920,438
18699,335
14704,3726
4153,607
5815,1080
5418,9333
3367,73
199,5978
12190,882
4545,6331
11482,2703
7596,115
2058,4737
657,1095
5077,408
2239,750
12432,3040
3363,4106
16335,3203
1617,1977
12294,4793
396,6122
4563,1644
1414,6375
7239,681
15054,2452
3238,1987
1121,1505
612,3467
448,4499
16558,6463
10318,292
1467,4730
7538,5892
643,3740
1958,5677
4422,1136
5987,673
4542,2567
13266,548
7116,4254
5043,2442
7092,2134
5215,1265
752,5397
5435,5589
4839,9382
395,184
4635,2010
1550,8332
1671,2651
7277,2786
15979,3933
4357,1258
620,1469
11329,250
1493,4069
3129,5165
8155,7133
8186,7018
3417,200
9594,2336
3494,7985
403,5474
7021,4105
573,1903
3989,22
11279,1149
10143,9634
3664,873
22,18
107,7060
6101,5636
8829,200
6333,4033
3119,1424
12032,8594
4647,2293
1531,2547
687,4205
1813,3290
395,184
1926,1454
15280,387
7469,2685
8559,3876
5123,8741
16975,457
6837,2060
12750,623
15096,4010
339,5172
6072,7412
2608,419
282,289
4120,2333
13870,4234
11213,2290
14332,2
5140,2620
1241,1196
4297,4636
3456,1904
1794,3071
13239,7244
2658,3658
6431,6495
13746,6272
144,3585
8230,6738
618,1629
4721,4573
414,6360
6147,4947
2479,3608
15417,616
5957,4957
795,1999
362,1161
2843,4811
2912,3933
1100,3415
10582,8713
12288,133
8178,2849
212,107
12282,248
1210,552
8192,1322
3140,3043
8893,6516
3366,954
742,1548
78,1206
11081,5271
2643,9544
741,1174
727,6708
17161,7821
10003,383
4611,1169
9668,2857
8858,6117
14630,5306
747,350
13104,6036
2110,1880
3431,445
1963,3071
5084,773
11941,3493
389,5699
817,5451
11520,1153
19114,1609
9063,3596
1510,2961
5907,3771
12672,2144
6070,2567
1182,4004
7469,2685
9839,6606
13952,707
20875,1436
5141,8680
3082,246
6639,4901
1091,974
11941,3929
2187,4047
1262,2379
7421,1430
6939,1740
2935,5468
4680,5593
12869,423
8425,2405
3811,4593
3075,165
7479,415
15759,3385
3228,755
144,3585
805,3970
8139,784
7750,808
3751,5635
642,657
1059,1624
3220,3353
6167,2811
11161,669
857,87
18146,4693
14757,5752
4220,1273
9285,3235
6211,5732
4460,3971
1684,1407
9530,5742
12202,857
6424,1330
2673,43
5682,6623
7659,133
16991,1068
668,1070
5734,7571
9010,5465
15834,3240
1233,1706
6514,6541
39,480
1889,4101
769,3747
2610,205
5145,4483
15875,1563
7502,5451
224,5451
9398,693
8640,4197
11017,2208
3231,7343
6336,1964
3156,110
4219,227
16248,2995
2294,2127
3259,1465
3619,372
1954,7757
1051,1876
2009,2122
6229,1075
10383,6834
590,639
1883,1630
3298,277
2676,8191
3671,1676
963,8250
4579,8962
5638,2526
2366,1410
14774,2183
13687,2610
5027,2650
3208,1052
238,6648
10915,372
200,833
878,520
10542,1177
10493,1915
276,2650
2814,592
657,1095
7112,31
2403,4012
2547,3999
11725,2235
12013,6164
3226,6129
9892,2525
284,387
3749,2163
775,1766
2501,444
6148,4671
1699,4951
1210,552
5097,3894
19687,1299
4945,8139
9758,2946
9885,1380
3283,1666
15785,7824
9073,4719
5224,1118
3167,1426
12874,4672
4732,2264
281,6430
2228,6039
5637,6924
19166,4032
9533,8382
710,2009
3981,5737
9823,817
4671,6879
14126,8949
10612,15
7498,6225
1246,1800
10567,7713
12529,8401
13056,7008
2491,6688
13002,302
7392,1724
2271,6698
1322,4164
531,4247
621,1942
4321,4348
3140,898
1463,3883
11950,42
1900,1844
14864,4628
220,955
686,1801
6792,113
16417,408
4186,7742
454,8625
16591,441
9383,285
1638,1745
1744,1738
3180,6953
10945,2723
195,115
1886,1687
395,184
22508,3382
274,6479
8268,888
1428,7783
27,6426
680,92
863,2054
1930,2274
8643,600
10582,5388
1773,8993
2904,4983
10973,977
610,1504
4642,1068
4447,1731
9442,3168
1194,148
7918,6602
3759,257
14383,6650
12148,9006
2405,1314
10414,701
2266,3277
5252,2595
1096,3170
577,1118
2373,3241
1130,6897
1465,1712
5385,1661
21391,4633
5564,4604
4710,2969
16560,1228
14111,908
11486,8604
1030,251
7369,7340
4614,9090
2417,339
2051,1617
752,5397
3550,672
16904,1718
3650,633
1027,140
13342,4568
17133,7173
3650,188
6563,1932
4041,0
10570,1500
20969,0
2457,4654
14801,4781
10103,3303
4412,516
2423,2752
10244,4065
158,26
6834,8223
6022,2381
1356,5289
11562,60
16508,1610
1837,2671
3066,3378
9466,4549
500,2990
15564,3594
4888,355
9844,2388
14991,2614
21141,6046
13927,3810
5581,6590
281,967
16119,9774
1711,6366
8996,1653
4313,1534
4771,5401
8588,4698
5995,3516
229,620
19340,2316
11875,2923
15049,659
1432,9180
2295,6881
6951,6142
12967,5148
14771,6072
8682,161
2552,8275
2071,2253
1476,118
4577,1457
4649,3222
10362,3481
14100,3059
14221,6599
4408,2107
6792,113
12876,2283
9272,4352
8782,6244
4622,7956
7569,2490
125,101
2776,658
14814,5277
1663,22
4125,190
15655,1488
7604,50
584,1267
974,972
5575,4835
13181,2387
10674,1
7940,3643
17861,5831
18017,217
4221,2067
1775,5321
14862,2283
7059,5226
3336,346
8674,803
1822,2747
9454,2216
6083,1684
3312,1644
5001,1922
3624,2288
232,2601
1822,2747
12109,4997
1871,898
4298,114
2719,256
707,4510
1421,117
2354,3728
2083,508
581,6259
16405,5191
8696,576
2545,8652
14888,154
5987,8174
3429,166
4112,1312
7016,4751
5214,11
17385,3210
12967,5148
7716,69
3774,2084
1440,4723
13549,1055
8074,2232
4253,7571
7372,1530
6598,312
7838,5744
8853,4532
2371,4487
1051,1876
16329,90
361,4832
2536,5004
1863,2647
71,4028
4858,3383
2148,209
4452,3436
5252,2595
7734,7199
5035,521
35,4979
8419,24
16093,5011
12062,5856
8641,7813
5792,1686
7878,301
541,2538
990,4401
306,3883
1893,1928
2406,686
4484,384
7010,5685
14908,839
679,3050
4698,7524
2121,474
2664,5069
9719,7220
4395,1401
1786,1299
3506,4951
2315,1336
16339,2933
3210,8961
16498,7480
5361,3356
9822,1233
4227,8885
10578,250
234,7533
23147,911
452,1532
2708,7059
38,6944
10838,54
1035,5802
8166,1872
18070,1168
1118,5980
4881,4306
11975,431
9236,1382
6148,4671
2687,1781
2702,7557
8718,2902
8674,803
7220,1687
13552,1085
2608,419
4551,4239
6814,7454
17057,4449
3855,1785
4367,1327
610,1504
9710,3866
784,6504
1728,977
13339,1013
1061,4806
5914,3035
954,5775
2448,1102
3463,9471
20588,63
313,4968
3855,1785
9049,551
6718,429
1185,5351
4455,4892
1738,6967
788,2192
6133,2394
14858,3449
2926,9727
6250,2211
3169,6655
3572,982
4665,117
1335,344
686,1801
1211,4201
18063,680
9383,285
870,68
540,481
322,951
3360,1804
1397,278
2315,1336
8653,877
2228,6039
10103,3303
938,4421
1369,2291
5670,7091
2525,3114
3525,6047
6280,3673
10815,1672
236,6245
11851,5698
3555,2689
1893,1928
8385,299
2242,1287
1995,1309
13701,3949
856,62
13074,1263
8601,1504
8914,6178
2422,4860
4718,5768
4273,255
10971,11
10356,5820
3886,3592
5514,1173
9437,7973
126,3305
12611,1473
1283,6408
367,5570
5059,2334
3265,79
8154,243
18845,189
2870,3225
4783,3909
9569,5037
3898,5489
1645,317
18833,2349
5247,9229
16465,813
229,620
2348,2074
8622,776
1213,3751
2192,839
3509,3832
1833,2374
6654,963
99,3209
12804,3851
10149,92
2658,3658
16529,526
5858,528
2936,3563
13455,2863
1029,378
7153,3588
4353,4909
1636,4104
4952,389
1746,2377
6688,4224
1954,7757
4792,2570
1979,754
46,3742
4731,154
12023,3402
2527,4118
4686,273
7442,4160
1262,2379
12101,9061
11180,250
6700,1970
10456,1590
1505,4352
6124,1345
8666,422
10164,2568
2589,623
333,6716
4356,3730
2600,1432
2558,5722
11211,820
976,8630
5830,2607
429,1036
2991,1908
1977,4349
7504,5703
4132,1148
9139,1669
5258,2160
12927,2727
11609,5105
988,6312
3610,5374
7087,5828
1289,173
4418,3312
2665,3399
7386,2571
892,17
13725,2560
1620,2597
26,4197
1280,2418
7293,3645
9780,1593
9282,17
2081,5056
7270,3849
12774,1053
13404,2546
4258,1769
9015,123
19111,8618
9009,369
6525,775
2286,1410
19956,1100
8764,4504
7897,14
19119,1741
44,3392
14927,4939
6477,5179
7183,4103
9823,817
974,972
2119,1617
2080,3422
5752,6429
12840,7561
10751,838
253,1738
7703,147
413,408
2842,8780
1382,1155
10857,1007
6404,896
5621,3251
17987,5709
4114,6985
10155,1972
3060,4482
7552,3688
13748,4181
10369,53
2709,3733
2658,3658
14310,4765
1206,3876
1649,1892
1417,2442
3967,4066
2036,4103
6954,6882
1023,2498
2364,232
18706,8104
5198,6664
16446,2805
6875,9341
6628,3213
341,73
3953,934
2155,411
133,1322
7517,129
1443,2923
5484,2225
1430,139
5750,3457
2292,3031
10102,701
8957,3945
2904,222
569,3267
2293,385
7868,2099
6907,1808
8472,2004
157,134
9253,5496
4969,4885
10849,6235
3611,3630
2669,414
1552,3503
8601,1504
6949,1797
10928,671
16466,3893
1495,7380
4497,185
8356,4187
340,701
2156,587
1751,4455
15132,2405
14614,7996
1970,9022
14395,7725
3888,2108
4769,1256
816,2380
4111,908
5318,1016
12890,1115
2668,1793
9492,9254
728,2884
1517,727
3794,495
75,2467
11936,3387
2537,6160
3361,442
317,1625
13776,960
2182,7214
8133,8679
132,365
8382,2772
3427,4365
4905,2240
4064,4470
1616,1694
9941,852
3619,372
5560,4577
3207,1219
13959,340
1960,441
12283,963
1626,2855
6324,1972
17880,4399
16657,1425
5525,2298
6568,128
2729,3360
2260,6232
10160,6852
14626,3606
471,1190
7576,4452
17624,240
1442,7038
5567,5527
636,3210
10488,1064
15095,9405
1316,8393
9142,418
2949,2830
58,2269
9340,6299
781,2560
1800,1694
16214,5598
103,5589
2523,643
9882,4259
1610,872
1456,1882
9026,7458
5961,0
4546,1994
2634,4682
11698,2874
5333,555
13668,3423
12693,4702
9029,658
482,3096
1086,2785
3274,51
7506,4422
4661,4597
1810,3719
13673,4736
3553,1
13392,2321
7408,471
3481,4633
10054,634
4954,723
4,9742
1227,1823
2507,1607
1856,3893
9195,6910
4254,253
9422,357
770,191
7317,531
3863,3535
5993,632
2184,2805
5909,1841
7995,3681
10395,73
9816,4253
5864,8254
394,4158
8055,9230
14963,1227
1492,514
4024,8769
5175,3113
1373,4772
1362,4824
6298,3867
13117,2268
1113,1515
620,1469
152,1862
11899,6575
6254,6975
62,522
6060,176
5851,4914
2095,9391
8017,1258
4343,728
5843,60
4331,1345
3089,106
1644,856
1937,344
244,3913
4206,690
2405,2930
4343,4540
3647,5317
8779,1375
3540,2271
1788,3772
1174,3043
7403,3742
2219,2779
2398,69
13857,2249
168,1700
5687,5965
7871,814
6478,491
11063,8478
24945,3700
1399,3327
5400,5586
8189,655
2097,3006
5838,1089
16904,1718
7429,694
4060,7864
5121,3739
10177,2425
7684,271
3725,7607
9016,7955
466,355
9089,7994
11365,1507
13416,863
3937,699
188,902
17982,5647
38,6944
24960,2134
3326,2571
9076,3876
18526,440
3476,2865
10805,6307
3046,621
5252,2595
8202,2797
11698,2874
13505,5526
4875,3454
4372,7503
4928,625
6661,3181
2933,320
2909,368
1337,500
16183,6956
6493,4186
2238,1771
8596,744
6835,2761
18988,4238
4156,3062
5284,5697
7281,845
5989,368
10153,60
911,2947
9300,5764
22482,1178
7604,50
9048,3985
5046,825
2568,9025
7447,5148
1881,8251
11983,1693
10356,5820
2318,3193
3263,288
16881,4164
182,657
4069,38
1726,4713
7209,2160
9812,2332
51,6463
2347,392
9604,5
3388,3575
11170,73
286,4037
4906,4457
4454,3429
3875,2955
9875,3667
6927,4978
3797,211
24503,846
3008,6631
16540,3110
1163,1765
7615,231
4565,7077
10269,779
6530,4835
2666,2656
15577,3646
1497,7117
17451,13
594,2558
17823,2892
739,2191
1632,5102
1117,2276
2186,871
2963,2614
16589,5710
4099,4727
8023,5074
6516,4708
2180,6639
3859,1010
2349,2193
1653,2602
15494,432
3087,879
3124,1008
12675,3597
5,1753
1404,114
7073,158
5982,116
4758,397
1234,1329
2415,5091
7945,4540
930,7270
5495,5946
8610,7385
8755,3867
12152,386
6950,956
5286,5908
9368,3378
5868,158
10656,278
3774,2084
658,414
4342,536
467,7377
5580,1900
11322,1831
4776,58
17005,663
435,2502
18952,2536
1602,672
18136,1811
16527,1045
525,385
11699,8245
17383,3179
414,4483
10519,6844
3391,2228
4337,681
6030,796
13549,3184
15924,6515
4860,1602
5285,1537
5085,5772
12209,666
13548,4362
7520,273
172,607
11310,2842
13958,861
15182,1364
18132,3666
5590,969
1862,6042
6471,1837
6011,6219
2330,3611
9598,7175
2037,1790
1028,5747
979,6456
5285,1537
4908,1945
1292,5744
4156,7606
7170,4691
1518,3292
9938,7528
2187,4047
8314,2002
2653,3530
1970,9022
2571,310
5791,7236
2031,692
368,4844
989,4823
14431,3285
13112,3491
1695,3662
5463,5078
8672,76
12751,443
982,604
14045,8264
3364,1414
16986,6883
7855,786
2389,704
14802,945
1218,1756
4009,2625
572,187
2846,2807
18777,2554
3588,1663
8128,7228
3667,557
1899,8273
9203,1927
4187,2152
1188,544
3399,875
8556,2935
10723,8530
1771,1613
1075,3891
9519,2048
11120,3339
16832,2987
15951,925
2385,2478
1692,519
8101,1437
4011,1328
1763,264
15706,762
8734,428
1476,118
3727,1924
11566,8153
3574,25
2101,8939
15073,2034
738,1496
4727,6975
7535,6487
3889,851
7699,4554
7617,5275
6007,4450
1902,8762
12770,3806
2990,599
13061,3476
479,2680
20348,5969
8441,8102
5636,587
4053,4678
2231,8881
6793,3549
2115,3949
9252,7990
15061,8307
10619,4834
3360,1804
11216,3100
1052,1029
2256,37
1373,4772
10450,2979
901,6604
8871,1240
7821,3514
779,1715
1222,7537
7925,4174
4608,3840
11228,2235
1132,820
5725,6920
13882,2465
17131,625
11283,4529
7216,2892
6471,1837
1825,117
777,249
5452,333
837,1589
6051,471
958,6803
8323,2521
361,4832
17593,5598
10376,1827
214,488
17455,5637
6979,21
2309,1818
1142,4605
13776,960
93,180
1490,22
16174,3703
6189,4499
13093,4305
648,7252
7166,192
43,5583
9406,8103
1275,47
19808,5549
919,92
9213,1466
1119,3591
3591,1811
3199,961
5228,2720
15530,9118
634,1453
13707,8839
8754,3528
9114,791
10645,154
9193,1777
22497,288
1156,334
685,7626
213,2391
596,3759
5961,0
14839,3386
2820,3494
5439,636
6018,2199
12126,7778
7583,4869
13220,7424
1431,982
1899,8273
8887,1050
12261,2366
4598,725
2991,1908
3013,3810
6671,1263
902,8542
2284,1012
18087,3250
9002,2031
14907,7306
676,5029
8942,3689
2233,436
2410,5379
7796,5312
8412,2442
18073,4432
4169,5666
20129,6858
114,3030
16112,415
3160,2581
8334,2375
6313,4715
17132,9221
2504,3376
13137,1652
8242,1928
26096,6043
25286,152
15682,392
12336,293
14045,8264
8252,482
916,4138
6285,89
2147,281
1474,3291
2666,2656
16885,691
1073,6463
3495,4310
7530,4612
5389,1346
2012,796
6392,1508
8291,8703
3472,1194
10420,839
10641,315
9463,9211
22510,6654
26,4197
1955,3527
17925,17
1726,2524
1328,206
2802,2220
1293,3358
2445,480
17291,3094
2173,258
2593,622
4091,1989
11956,2968
16317,6193
11016,3649
2700,1646
20234,3723
7933,4595
10404,4354
6482,4224
14993,1979
11199,82
12146,1090
2183,150
9394,1759
6040,1716
173,5970
13181,2387
2579,633
673,5150
9569,5037
14506,913
3327,4137
6555,1129
11790,1735
4483,7498
12279,1372
7544,6571
3116,943
6500,111
11744,211
1509,6938
1856,3893
18090,2858
1049,1661
14190,7374
7004,1894
884,6224
10600,115
10414,5980
933,6537
2594,2543
1053,355
14337,403
8965,6902
18526,440
5294,287
18910,5609
3524,7019
7839,4724
140,515
4293,6542
272,2595
12070,1629
18557,239
9017,89
2221,3992
5111,550
4902,2450
8989,6886
7426,3589
2658,3658
8424,4671
14300,3594
5764,117
1227,1823
3684,633
2512,1180
1226,3641
3585,1550
2588,202
7472,6239
12295,4132
5396,1542
14038,2779
1371,4728
16679,7110
15735,3471
98,83
9746,3862
7247,1952
6044,2531
16299,1671
5767,1050
15205,882
1777,5906
2518,383
9207,5181
6940,5736
2697,6987
9504,3038
9185,6584
17170,6449
10006,6513
5817,8071
11521,4901
4876,2578
6365,4784
11354,4251
6478,491
9543,42
325,150
4378,298
1731,95
25792,1501
7158,830
195,115
7143,495
3677,1072
3391,2228
3934,149
4277,3866
7240,1901
21856,7146
4113,7607
12636,445
8984,5586
1435,2698
10127,2112
1599,2560
6811,6296
8314,2002
12146,3914
2093,601
11954,7050
7836,1600
4055,9229
7448,1269
8700,3803
13601,7089
4942,3858
13945,6278
407,2282
19424,611
2438,4199
10313,2683
10887,3118
7472,6239
2152,85
8928,2385
6139,525
2941,445
454,8625
1163,1765
5484,2225
11274,1174
1445,2423
5700,5294
822,892
11551,5
5752,6429
895,1790
119,2699
11194,1953
2247,9449
10936,4844
1369,2535
13870,4234
6330,43
1905,5090
12954,671
5410,9318
3715,648
4309,5600
3,5498
5033,3382
18315,220
7852,621
13678,1691
1029,821
516,2157
5341,1493
662,322
14965,5888
1301,7316
7939,9005
2197,5917
12156,2507
11960,4206
14329,3231
11823,1992
7909,3073
424,2110
3580,8574
11332,51
327,1965
13155,1305
10279,705
4896,662
7547,1046
9984,8703
650,220
603,1927
9378,2662
576,2215
2091,347
3235,2399
11515,1414
4991,17
839,2304
3413,61
3199,961
18185,2851
410,4818
2497,76
8222,483
4895,2340
4147,1458
6538,1100
15134,3543
9980,4383
4813,2109
990,4401
2143,648
3664,873
4430,2789
4689,3529
4265,402
6409,4659
1295,1926
424,2110
225,1716
167,1546
74,8430
6024,3274
5961,0
1119,3591
5090,6424
11109,419
10593,1207
10796,2609
7614,8112
9410,1249
18840,8573
1812,6662
1800,1694
7501,3558
20445,3602
10341,45
1630,884
11083,3878
7299,3338
3322,7817
2186,871
10070,141
12088,3054
8814,4349
10866,5271
7760,4314
4177,64
3541,3878
6026,569
4453,46
5473,4745
11465,4578
2494,3382
125,479
12652,5199
11456,1562
4159,1059
3221,1655
1400,4643
695,1389
12531,4730
918,276
1569,237
5687,5965
2650,735
1795,1791
11487,444
18704,4360
21744,369
11065,1551
10837,2253
11256,710
1268,2440
4748,5727
2104,1055
6586,949
8155,7133
7660,1864
1196,5155
1470,1084
1458,1037
1909,8946
13855,6677
2396,6235
8908,2316
4140,2090
14626,3606
13074,1263
194,2592
4587,1840
4175,982
2416,4748
10369,53
6028,487
6121,463
16685,4809
6654,107
8386,146
3864,5900
1242,5543
1781,7008
14092,1053
3399,875
11050,598
548,2370
2978,2099
10610,3784
1818,7273
5027,2524
17556,1879
3489,2964
1595,891
1704,1726
3191,4928
10334,2204
3491,2460
2567,3743
684,0
80,5127
4495,308
4952,389
6145,6094
426,4023
3276,187
14231,354
209,1928
9716,134
16023,8736
3818,1497
2589,623
223,2688
7916,1025
7125,5395
5660,1552
9441,8323
12932,1199
7576,4452
2157,930
7687,4166
9734,7094
1978,2532
3985,2857
15159,8324
3078,2
2676,8191
4084,4439
4890,2169
8306,4403
13574,6267
15993,6743
1120,3411
8977,6283
3929,2425
3828,988
682,5426
15243,476
604,332
225,1716
241,2217
2600,1432
9820,4135
9781,0
10,635
1158,4780
6524,9046
2330,3611
2128,646
7541,188
1260,4403
8669,726
672,48
2799,1144
3410,1
12469,2178
3811,2998
7487,4357
4022,437
13756,1967
5272,6070
5501,5622
1481,1458
8559,4788
1188,8192
2950,934
936,5510
5316,2654
8462,2048
11841,995
4701,4332
3135,1239
11120,3339
3065,7880
3527,4368
4841,1005
509,9355
11848,1819
1640,497
9930,7199
18554,7097
550,5946
2660,8037
19246,5143
5700,5294
4758,397
5722,5908
5824,197
383,3967
679,3050
1225,1530
15832,8097
8359,1401
4625,5577
2801,4042
4859,411
6337,7510
4675,1124
10206,6048
11197,1410
7027,887
2815,4598
9563,5440
3753,3557
5061,638
24112,6945
8116,1776
3966,220
8931,8469
1034,1840
19528,5392
2922,6624
11492,7300
7968,5011
13637,7684
15762,4274
624,807
1679,1428
12376,955
6818,4269
548,2370
4083,5674
179,107
9649,1139
323,44
736,6681
8748,6831
2754,2923
4280,5527
4165,4401
2480,4730
2532,4819
5509,1638
15880,1303
15844,1912
1902,8762
14614,7996
6259,494
1891,3730
7113,50
3064,5498
8705,41
13654,5283
3326,2571
