lhs,rhs
5837,20220
28955,12061
19410,4693
30779,128
16678,29753
1376,30366
28059,4285
18300,12304
25438,3058
25930,4076
46801,33108
5364,34402
851,28500
16647,2173
56404,9296
6959,29791
13337,20573
27742,13080
5584,18627
2838,4042
6951,11037
31860,22788
42908,4255
31802,29000
52574,29014
35538,20677
7611,332
36160,4798
6632,12459
4434,9381
9029,19315
33942,17652
13467,16742
42064,12815
45423,12333
36504,32839
50400,22713
16435,6052
7116,794
7888,264
32022,18842
4323,8793
8386,17703
56763,20332
47765,24407
3353,16145
23081,4377
18807,14748
9442,910
3050,11897
3506,28007
51633,14021
26431,6295
24162,2673
9100,2250
746,107
19490,23796
25779,30417
15829,5126
1938,32490
1228,2203
10128,5658
3921,10760
60856,27057
9197,12506
71121,4251
19564,12892
4696,1033
23462,3095
9822,23319
5464,11150
20768,4428
15555,284
8948,24958
62617,15581
18305,22443
21267,12222
26904,2738
17876,2247
14271,30077
10491,8506
43446,35455
30630,6928
11765,20623
21976,31163
9147,4065
16967,9677
59874,15117
23124,26165
5993,25677
13976,10613
37985,520
34107,33991
10661,2092
3978,2043
171,21626
30704,30702
41370,9554
7922,8404
8639,712
9339,11685
17337,9264
55431,8618
785,30105
15470,1183
23569,26479
37707,2740
13131,2058
9346,31581
10667,35624
12060,27642
42929,14447
4735,14854
57795,6544
43420,1295
27412,13727
45211,20633
1715,15605
1686,2436
26470,25724
32052,11253
41009,11387
7254,14812
10627,2554
26958,439
61638,9507
4779,6091
4493,25836
3935,4109
9887,5782
9757,17000
15636,1573
9395,3045
9512,20624
14146,4535
31527,19045
6927,5614
36791,9103
2528,10269
764,15039
19808,24877
10275,5566
9747,514
9563,4277
3337,5005
11616,17925
29308,17569
1318,32314
34650,1698
11075,2752
58307,29473
9773,12091
7909,10088
21620,3829
13622,7434
22502,19253
16261,592
15510,27833
55162,6896
23317,25949
32620,23374
4276,9626
6107,17501
3250,15672
6071,1562
8886,25453
40984,208
29911,3025
32628,7641
16747,7998
51249,5349
42629,766
21188,7211
47191,5788
12549,30571
5742,3327
8768,6005
6400,28199
22,12582
65277,9434
10610,10552
29238,814
14100,9746
11007,27772
42716,13762
4484,17112
15183,19303
1296,33131
2770,3319
21766,23081
3345,17201
18487,35
38362,7194
48138,29948
35758,8196
31878,7328
18575,29625
3436,2329
52306,236
18176,8049
3777,31903
24630,2784
3283,4923
9219,14880
6054,10911
9202,28526
23616,15517
40483,21804
17015,6947
43994,14747
38649,16148
9719,29508
49451,15818
25349,2288
12904,7143
19894,27309
42225,7844
30897,26092
17164,21585
36053,19035
47765,24407
14617,8481
41628,7211
42571,10881
18314,14040
12638,23457
30435,424
31078,292
40025,3197
54459,18778
46323,4003
47120,765
21156,8361
14285,12889
28001,22763
31239,10761
17557,14968
35806,5908
32449,27428
26878,18957
2462,1367
26819,9763
31066,12457
14519,15753
20627,403
48809,9459
295,18614
7071,1253
24869,6678
4004,122
31953,3812
21064,24315
6786,8735
32370,7725
469,6865
37308,1069
2962,21603
24083,32357
36503,30919
23384,29893
22684,15550
17500,26863
14598,4062
32630,1533
35153,6
25744,315
60375,34388
26055,9529
21428,32108
5104,23926
40439,3817
14019,6188
34938,9186
38101,24460
11829,11143
16281,10244
20252,30362
14716,17533
18807,14748
59640,786
18708,19784
23468,26570
55612,10684
23794,8400
35020,414
8217,16616
21622,8024
27056,14397
64185,4154
8556,2073
50353,17964
26040,8742
49819,27425
3844,17321
9505,26094
43959,4266
12069,345
19833,16207
11321,20154
20798,2436
28399,20775
15703,23562
1837,28984
6573,22676
11427,10140
50229,22307
5187,29099
34416,10890
1090,4766
26763,23581
24560,25528
3574,20670
14287,7258
41631,428
5324,7598
22500,9819
12246,20617
21384,5670
60433,24273
55227,8737
12458,15214
17764,1695
6849,14656
47124,16353
9303,144
41019,12620
26217,24826
1277,14136
27287,21234
2729,15000
7653,6906
29617,2640
8797,5894
19300,9332
25195,3119
2389,20279
59550,35892
18190,13844
7805,3721
16763,12501
41238,26858
6064,6387
39647,3091
3208,16954
232,3164
41657,843
67800,16950
2669,32541
60028,1866
12231,10276
31553,1815
858,6370
3618,8788
49426,12802
3869,22860
17000,35258
4312,19220
15229,16669
4679,18208
46662,10909
522,16326
9948,7923
21053,1944
614,24480
15788,19142
14411,1360
32807,19114
41256,29192
36651,1478
45129,4007
60514,31051
29904,28166
20170,26359
3776,12954
4559,25866
19516,28251
5310,22365
33327,12750
27740,3754
4073,3760
14742,35
1332,23
49693,13794
20769,5970
31234,19083
33576,11937
37388,28288
34258,3453
34342,5966
16819,23097
3340,7746
56885,9122
11880,18979
855,24202
40670,13414
15781,3282
41088,24332
2762,583
24487,34702
32992,12155
35524,20358
58564,10501
30943,26029
21386,20871
37746,20459
46632,22865
24844,20300
1136,10458
296,15357
16738,100
41530,28555
17230,1395
424,1071
6062,18083
25140,12172
40104,4000
5634,27991
13316,21485
13590,1114
10614,22836
17290,25945
25830,3876
19327,13771
62431,3112
26254,27619
5906,2756
6374,9486
24538,34767
12428,29651
20920,552
8267,18929
25900,7337
1429,20066
49199,23287
660,27616
35244,49
33770,16652
42497,35346
38816,14269
21362,1620
20686,26805
12557,8966
32533,10777
829,1052
42861,15122
70020,23079
50539,7400
38485,11801
58103,11839
8789,9189
6181,12277
12148,23777
60741,29334
7529,14377
12259,5878
30780,24593
45962,24967
5128,8212
13293,19711
1560,6467
27339,28172
35453,2710
51813,22376
12226,15297
26796,1685
18446,20317
32185,28601
56505,30365
7378,1299
19007,6885
28239,18493
16261,592
30896,26746
3277,20959
2840,7288
44910,32846
9787,14242
20321,1092
30544,34724
9407,7560
7645,23217
732,20345
12027,4483
1892,27857
12199,28440
56947,23759
33620,6432
11338,16148
33456,3266
4082,3683
48856,20080
2176,28497
39576,1770
23893,19876
4872,25460
2427,3168
43257,15307
35230,10344
47676,2530
12211,14182
721,9124
21512,5501
28297,8078
15138,6859
9631,6558
26007,20087
10542,10591
30440,22078
18958,23601
6158,26364
5506,373
5466,4972
16857,25907
967,26952
5086,107
9374,27363
64994,11366
22028,379
21707,187
18352,1015
19362,27322
2676,18813
41939,5642
60144,20965
5349,21348
2445,7396
38520,10074
38825,13702
27908,4063
321,21266
10584,24022
1840,28304
44341,10896
43561,2587
37449,13342
48293,2844
11439,31420
72,1417
28009,2841
11024,29124
50844,33725
16012,17185
28080,6368
7346,11230
21512,17947
22578,2451
5375,4260
44672,10279
48508,1243
2561,23428
48364,13505
40133,5387
16463,2522
8158,8930
30803,27032
41137,9010
23603,6853
62184,11215
15262,9944
31256,15947
3346,31506
29001,7280
60279,22912
2927,10590
598,24554
1196,1350
9341,292
15290,10818
15441,27985
47557,13303
6750,532
14666,16503
72921,32333
53817,15970
60716,9515
384,6214
54367,15148
21162,21301
7434,1335
59924,9247
23157,19233
22848,11381
2005,360
16976,17689
7294,7063
29507,33215
2470,22875
30834,15858
9151,5728
7582,848
17208,7625
17433,7923
12727,2550
69039,19024
21820,5562
288,12800
11656,6327
27628,24185
37386,15863
14502,4386
17280,7645
5204,10767
39710,9019
13604,2598
32820,2110
42449,13455
49581,27049
30835,32548
60928,30946
20711,31795
39181,6192
23618,12635
7217,4705
34129,10653
738,10824
60992,13236
15488,27896
9956,2396
9016,28861
32289,6297
33677,4218
17339,23015
42859,15124
40420,27832
11,22276
15147,27334
20607,17336
10549,28195
4398,30889
24552,25925
32583,34842
26013,22698
3140,13907
29160,29979
63489,18923
228,13817
45967,20857
22286,15887
6644,24244
19857,10160
52055,11510
33810,17881
3863,7756
29897,30183
7008,27920
17837,11797
48228,5006
3282,27975
28895,2158
43293,28535
1717,22426
10735,989
7838,17378
37813,14819
13046,31802
38651,20526
23390,25549
19976,23187
27017,12876
7333,13866
1606,36449
9343,21871
5914,22907
26565,19605
32676,14683
74005,20805
45718,8653
16798,28427
26972,28856
22899,5019
39030,19048
10595,13880
4879,21496
8269,21518
13689,7416
22728,12525
8467,10913
27737,32705
3965,606
1993,24093
29400,13475
32083,12932
40347,3198
29387,4610
4921,64
1787,4087
25807,743
27791,23499
26444,17881
2823,22720
12859,363
42025,14590
10173,8096
20465,19422
121,22167
30686,6803
34135,1032
15181,27167
13131,2058
43498,7051
26970,18319
56359,32691
6364,28417
4919,3512
849,21021
16760,26809
26099,11811
2991,8204
19465,20970
3579,15350
14276,17906
43344,5568
10829,8373
20888,159
28896,20850
50663,23556
16984,4512
20199,411
55477,9956
55890,7505
27445,6072
73805,14469
6023,15276
9463,2635
18293,35906
10192,297
46898,12275
50240,7861
9748,18267
6775,31785
19800,13428
2922,34331
29620,18597
9082,4465
22338,6194
40965,22015
7064,7873
825,14296
24008,18038
33872,21539
49078,9151
25367,1613
14804,575
10435,21408
31534,4811
36409,14060
3918,24553
33524,94
22542,23592
25810,18650
16807,28733
14434,30883
34991,12071
63406,5373
43895,3689
58163,5449
449,19797
48347,891
614,4076
10561,3877
18852,8148
45624,3682
9714,18001
5991,18659
6155,30830
10757,26771
16854,12273
11315,4907
23758,3216
8424,22625
8142,28940
41883,2797
32021,17870
28024,2168
13633,813
13690,211
13434,26003
2033,13270
25562,8121
24222,21499
8184,11087
18911,5180
8361,939
2710,5372
18950,4223
9620,2279
27231,13299
11558,14549
66042,8789
74767,20221
10524,5616
54465,14944
53047,9336
4888,30146
4130,17890
61579,15210
9575,17018
7905,16764
17822,23255
5705,23247
3317,23494
7107,32133
35301,11086
25977,31240
11069,17788
2003,12939
30746,24632
39635,19360
574,10725
27285,26034
1422,18219
51381,13463
27114,9753
2708,35339
20069,3677
9280,5338
4984,13333
31107,16492
26807,30300
29484,11427
27890,35553
24848,18061
27388,24148
47032,11931
5590,21155
5665,2603
2513,17102
61286,4
4788,2002
8514,12081
11746,19653
6415,7502
13346,16618
3844,17321
7487,4222
42264,6101
7828,21681
21231,6047
275,656
24367,27946
30618,15747
41243,2738
275,656
51170,9439
8277,7085
53244,3278
57525,6518
7885,3723
66660,3239
30244,17807
12421,22948
23389,3397
1933,18008
20666,20258
12542,23891
35064,9904
27038,9081
19755,10193
502,14021
55574,9137
1355,10349
28545,19589
8122,22695
2876,6780
38440,18562
24274,265
24233,25832
28216,1643
7921,22964
24447,15908
17948,3450
21599,25137
7968,18045
72814,14830
5606,14072
31184,30521
15926,15751
34787,26789
9521,19326
9876,22860
25010,16806
15567,15281
17266,29861
2094,11395
14590,29443
14736,3345
45665,17636
6516,24544
50514,7921
25591,15881
35789,21407
20137,13160
27761,24601
37744,2767
21611,21083
4694,16654
12121,6450
19844,18027
26713,8884
33439,13581
5339,9073
37480,9805
7125,9585
11539,16373
867,15060
28783,20643
14024,16615
45277,31686
9085,1828
24046,6295
13836,2358
9831,2768
8041,11663
14774,11407
25911,11656
62788,24826
14822,6877
24149,13814
35829,25643
773,13856
3110,14363
16141,30217
18241,5320
24794,21281
36654,2895
3579,15350
46043,10240
19853,17112
35480,4434
16181,13872
20598,20509
37925,7622
27703,3169
15400,214
24580,16831
2967,7642
33075,35157
14903,17474
16703,13702
13820,28519
4152,23382
9056,32922
8611,601
3113,17989
17623,22693
604,8536
4734,21612
26959,8279
27501,1205
17351,7357
3525,9139
34358,18973
36760,10722
5317,14114
12728,18885
31316,11175
13845,23628
21817,25465
1489,21550
11898,21756
5598,5926
10735,989
19521,10733
8967,22575
30670,5348
35337,22528
27022,23061
12651,29230
64455,18683
46140,6946
9327,2711
30154,11316
12582,8646
36400,12752
73291,28645
43904,28872
24531,6425
16901,3345
23902,14338
20415,4145
63879,9718
2862,28445
16686,901
14672,35357
20027,11916
17848,17828
49114,9644
14176,22622
3022,14422
27178,3882
21623,1638
47181,10160
21480,10346
52608,14056
9480,5759
18086,12790
37370,12
59190,24805
34761,6334
2202,13223
57304,3047
15784,587
34643,25842
43064,357
22434,32162
44276,21445
36540,17906
7303,13856
5427,20692
33987,27475
4451,9786
25285,13165
396,11415
60217,22011
4573,28799
13122,6079
49404,5882
18061,10283
4205,28502
41303,12229
1397,10690
15513,11475
3997,12215
12545,6328
17731,26303
26652,11852
47355,21195
19007,6885
27916,24428
12804,25240
12925,5264
9416,21397
5426,23583
36902,26414
51487,12526
7580,15943
64484,16591
21143,21221
13333,23457
31335,13514
23524,8426
51873,14623
56414,25011
10415,7463
30614,11569
21058,10679
35405,8420
69156,14688
18178,5113
5828,29607
68584,15260
48953,756
34386,23391
14940,28408
22370,15309
8978,2475
59175,19689
20581,1370
11482,18509
39657,23698
7614,1130
40502,7167
31234,19083
49305,14054
7035,7003
57458,863
2315,12706
41119,14285
15313,32837
6616,12802
17415,182
25059,7481
27910,3796
29068,1608
2112,29906
28865,3610
26188,26411
21859,11384
19791,16804
23291,23495
28200,27341
24636,13080
20355,19314
21717,30697
3723,2377
20113,22911
14552,30738
49216,2305
27579,16007
28292,2157
9910,6097
54559,155
8795,10263
6448,26427
49917,6180
56030,380
3431,15342
6422,11672
29449,11794
26361,33139
38484,21437
17384,3965
53399,9424
50177,15212
53384,8691
3451,17497
117,3395
26405,30671
6458,2297
39812,5920
4278,4194
40935,2856
52713,9822
26621,17406
20557,12732
43631,34419
14467,17880
173,4553
25918,30727
740,13869
3331,3258
4861,7699
42648,750
37469,770
18836,27941
42043,5158
10723,3177
4843,25667
21790,7018
23887,7244
3048,10332
7279,6184
9461,5915
12062,2199
16820,22782
20096,10364
33046,20094
2584,17167
46601,5665
3190,1277
7122,25461
23985,1120
7559,2009
18096,22287
15130,25506
69363,20426
9516,13471
51606,9257
32610,20223
21543,212
7441,13471
16249,2966
11353,27267
63174,8654
18558,4108
20512,2331
59396,5576
426,13850
67093,16422
19989,30432
52592,24991
25536,6782
26989,11109
24397,5643
1895,5485
5207,2749
6441,18125
8110,25027
23678,30052
2687,23488
27968,1638
23215,14297
34086,7761
2516,14999
26507,14632
22719,7703
2986,6667
71303,34728
5683,4314
10551,3569
6039,25788
34456,20822
12113,26872
4235,24519
30361,19282
20079,6472
55002,5482
3272,28525
8640,26840
16943,22080
3722,107
16715,17811
867,15060
28283,29066
19134,1808
43836,27380
1088,16846
23,16225
59445,31262
46062,12889
451,14545
39169,2186
42401,25640
43565,34872
6931,30061
2906,24355
4339,1151
36927,3087
6183,115
11308,1284
9523,1844
43775,17333
8867,30296
926,11650
3724,17016
692,12682
14446,25650
18688,3564
24503,1863
648,16606
719,652
1047,10017
32285,8513
40229,11207
32889,2268
486,26335
58765,29519
56212,411
42496,28516
11247,4267
632,4602
33526,691
9345,29617
283,25622
26329,12997
24722,6661
22042,13076
10872,9531
35178,29983
8081,29131
45709,13727
76933,1179
21180,24800
2810,7389
27927,29207
12199,17191
10515,29291
37898,13155
36765,12211
9817,3726
15090,104
4572,12218
26873,2390
36238,2835
15771,12511
2632,9837
17551,29623
4013,13578
48416,11041
15963,23343
35890,25956
29494,19585
25267,1661
21286,24144
26679,14732
916,10670
18533,11713
6021,1651
6120,11293
67673,9906
23245,25194
71335,23187
9512,27053
8200,2831
14759,18748
365,3969
34195,28373
11139,3982
33110,17536
34052,8366
51743,20969
2427,3168
10148,14834
1647,12368
32766,24931
4760,4249
6756,20307
20850,24059
36665,22805
35911,14134
5705,23247
31627,18498
16561,30162
17646,9718
50865,180
3072,13698
964,2515
13189,18835
30845,1294
31568,10726
13253,4744
19091,18122
10559,3362
3712,18040
34321,32447
15635,21888
2206,15332
5174,21105
3112,142
58062,1878
43018,8683
24541,1033
13635,17593
16090,32874
24201,12070
41122,18867
32170,19838
31155,1189
31707,10160
27969,688
36146,18528
25029,9451
50359,4098
143,2876
19845,28028
54183,27767
37618,35930
6457,21967
28876,3461
26943,1789
42358,20565
15474,17036
28080,6368
16657,4288
38096,23194
55563,13752
16264,4858
34590,4454
24459,13831
53369,19399
20170,26359
2647,6971
6347,17617
4128,7111
72913,679
28843,13312
439,10115
53487,7756
40895,1910
23751,20327
47249,30514
29835,8989
12309,2929
3845,461
28767,456
3306,30332
12952,1299
17641,1570
11853,26383
52826,30003
10690,2907
53457,29053
16839,26052
19611,2891
32246,31881
18995,19081
32978,24934
7473,25249
24506,19918
22155,12690
1894,21767
24031,2910
7561,17209
27796,12446
3907,7205
19239,4942
20074,30040
7339,10034
1395,5951
47417,2294
23184,22516
1007,6019
11117,15258
1828,35648
14583,3723
21205,17841
6717,18502
5250,6316
2782,1114
15966,14938
13309,9634
42182,15313
32328,18379
5625,7082
43568,8257
1023,14520
23875,11311
17916,4356
9012,3252
69918,5848
10708,8992
10745,18046
12464,16794
38511,34312
9553,10706
33463,5514
17631,7015
9179,30457
16791,3293
25986,6958
41935,25175
16459,11962
1975,11317
10716,24901
45576,2170
32260,16677
12310,25911
3577,13661
11923,20366
3574,20670
2838,4042
4052,1501
112,10484
29584,22795
5948,13584
414,1827
794,10286
21573,25840
31742,5213
545,7046
30879,13039
26566,22265
25452,551
2677,2354
10059,2281
51603,2498
39026,33292
11065,32647
9236,29772
31314,22923
15678,7927
11451,9790
31578,1870
3683,10275
38165,10065
21782,14759
8842,30483
31849,2167
46848,12663
43473,5501
8535,218
2005,360
19831,5258
19488,1622
47854,3563
52680,23371
16724,14079
13987,12587
4666,8471
64087,14155
38541,18920
4481,6172
5411,14308
25883,12560
49716,5070
193,13352
4329,9428
280,27922
41902,29407
22615,10640
20873,8415
52586,21850
7770,19244
15663,3405
66573,7990
32523,343
1926,10963
17829,21662
57362,1899
23097,31336
2043,137
24810,3458
6604,14091
30912,11248
46511,10233
59694,31214
62430,23127
14467,11039
74100,31299
46635,864
53230,27497
42918,23514
746,107
50564,7869
8808,56
25273,15041
36619,6852
6021,1651
12374,16135
17571,11371
1844,15577
50669,15634
8968,6188
63640,13260
29718,7228
2555,12489
24170,5797
22352,3650
418,15184
8773,26621
31221,7419
13649,4037
2376,24306
28478,32955
20311,7564
37904,415
3872,3691
50047,1068
61223,11743
9363,16683
2911,16696
14964,18340
21694,18054
7139,26576
1755,677
16946,14866
37441,1337
42383,25362
34988,25637
18175,11183
44881,3998
26132,5505
23902,14338
60199,20157
4928,10439
33887,32316
3537,26434
14211,21258
9345,29617
646,4073
1816,1723
16568,10056
23151,12764
21085,20565
681,5799
28153,6246
11296,8436
31288,27367
44891,31855
25732,5371
9498,28351
37189,23821
29247,8030
2780,27279
36239,3325
59574,1138
26934,18836
12450,3103
23481,17204
15975,22799
14260,13596
25124,32163
11140,13704
34040,2222
2464,2392
17205,9730
8589,15989
10935,7405
61573,16863
15580,3619
62380,1448
22000,4834
48122,3052
30055,10317
22849,9759
39946,28013
21322,20750
14739,4291
972,5410
27420,9265
34912,376
8812,1072
1484,2539
48484,6789
22798,29068
5552,7668
13731,17729
50644,34335
8396,20698
30221,24536
40316,379
59883,5671
50986,11447
544,4978
14626,3708
25503,33546
38173,21319
43860,16628
42655,5373
22302,20603
13457,14370
2310,589
41657,843
15668,5921
23873,10927
33456,3266
43675,1935
19963,3966
19972,35889
13882,28221
65059,17929
1608,1827
2417,18831
19014,19232
54832,768
16604,2561
7434,12558
21301,19964
27264,18426
32259,29767
7099,18334
30870,6943
18676,4153
14928,6540
310,560
7569,20850
9856,17019
22822,8213
60287,11495
11311,424
34121,11927
58582,14995
8387,10382
1706,3852
3571,17716
2289,5495
8806,35504
17480,26240
11493,3723
1179,26871
49190,10273
54262,11573
6780,15148
31168,12723
60823,7831
56547,8148
412,8816
10793,33352
51173,27074
24348,11270
23550,3621
49649,22889
17738,1201
9917,18951
48327,21808
24313,6099
16231,24600
37620,9586
20169,12547
21565,32203
29596,4987
8077,1411
1617,8983
37841,8460
57673,4502
62637,4266
35580,529
38352,3050
45935,13386
5381,7760
46305,17181
265,16940
17374,32180
1808,28088
100,2647
8068,8681
1936,2219
64099,33216
52011,21978
8906,532
5409,14634
34012,3073
16190,79
6371,224
23570,24345
25172,32181
6726,9499
59498,17924
21762,32282
2365,14809
18420,1547
10872,9531
47801,33375
2515,368
23483,252
39174,15364
20854,13808
43550,6816
3235,1060
17692,3497
18000,35470
35625,8656
15237,1266
3956,8776
53994,6398
6911,14933
8259,3739
26906,27241
1230,1300
3775,985
2591,1088
1755,677
1513,718
21754,5299
11490,10537
31074,2958
28427,12744
25477,17471
19620,1526
20945,751
29409,8987
33016,802
22869,18416
146,5855
21296,23062
34618,24153
43998,5408
14653,31846
12185,11653
3325,1655
3098,2313
14346,22285
47324,22820
44874,11371
3383,17036
40943,14357
8431,2079
3092,11331
3416,30167
8911,16569
2055,14759
4024,9852
6510,27583
25750,1229
33728,2770
39253,29441
15448,3806
20390,8593
1163,15732
56268,9807
57786,18539
33237,18243
26077,29604
18534,3606
33055,15310
20570,20363
12583,23909
40803,4486
30639,20589
1415,27912
40827,10366
3219,24554
3353,16145
19657,652
10068,7222
3755,12060
38186,8576
15025,23166
32747,7403
32298,17011
34823,15484
21338,22128
59038,18260
45594,3203
24317,422
39430,28171
36290,25826
6720,12005
25536,6782
27895,13184
10441,2677
24302,12231
27729,6840
3123,10601
31410,35724
13052,6212
34588,334
49408,7410
63286,13431
5312,3821
15135,10193
19427,14696
59810,8156
5925,21320
8220,995
3482,12416
30376,632
18495,431
57208,4194
17433,7923
5143,13359
22740,11768
58272,2698
24415,21381
17121,997
28730,7809
17336,17822
39104,21485
58145,18854
12193,2977
18130,28652
33321,7038
7743,3743
34055,23355
11614,29674
32415,14370
9147,4065
25461,9727
19968,15995
60450,3902
12774,31660
5843,21484
27915,9947
18526,18243
98,3473
12663,10100
3945,19223
12083,15340
37421,24314
19709,21280
12744,6679
9213,10139
19698,36536
13386,20225
19632,13672
57940,6254
12955,28631
28834,24754
82,23262
4416,3820
7805,3721
50450,14398
15798,18612
2799,24693
9667,24230
32296,6842
34188,15623
12245,17733
1799,30252
18568,9754
23825,5190
42312,13158
30071,633
41460,34621
67913,32600
3016,10006
32819,2209
6313,11925
3167,6806
378,24083
16410,24607
17286,395
13455,13135
4201,2013
22737,246
13171,8537
75039,25423
20354,358
2273,12767
67750,15224
36508,1256
49167,20732
56282,21351
8813,5455
23771,14663
11540,27911
38511,34312
1665,6345
18603,4492
41802,3600
47230,15563
18110,34542
20683,7379
20077,2043
43160,4854
29041,4315
1237,32914
30128,29371
8465,1916
50477,5477
4757,27507
14575,16078
38621,428
30865,12461
30989,248
58709,11664
73098,14532
15436,16375
29138,6498
33483,13217
7268,9016
59057,15783
5680,6329
12082,22570
6035,18417
20507,10509
51970,10576
33477,18438
14494,14887
4099,7249
18945,15343
25557,1407
1085,30739
23444,22400
15486,4536
2079,15972
37410,13818
10523,16747
6519,1158
10488,16947
10658,14003
46688,20493
6230,4693
27497,16502
7446,33876
20535,24110
14918,6166
38984,4254
20084,6073
29614,2632
12333,23634
8555,12028
64,32730
70948,31074
23117,15689
24314,15613
24640,683
8787,26868
2108,2710
60550,25266
4322,7930
34431,16634
9419,30881
24830,21641
32609,10414
18846,16149
69377,16580
821,19913
48155,12312
19538,12636
6051,10748
7718,18370
25507,29513
11948,14856
21281,2163
10111,15383
8082,36500
18910,16338
23653,72
22864,11480
11902,28102
21730,32683
22311,13251
24882,13734
37208,15787
22098,5427
18966,9303
13595,26862
33875,5280
16717,6460
4804,10195
25133,32051
19551,18981
34826,8791
5331,21888
21218,13347
26359,32672
6006,13558
16381,16233
26685,18503
3525,9139
34109,35511
4112,28200
64786,12402
41986,4469
56195,12075
32501,10632
31767,14103
40719,2905
24150,20025
11127,13781
2466,8952
73664,13848
8705,2948
33496,19934
35030,1409
7110,3961
6683,9880
36991,7170
24551,8304
1391,26632
11348,9023
25572,25849
34348,12725
6922,9493
24029,11858
17408,28262
44851,22880
21655,33402
16092,18394
34208,13726
29368,17571
38266,6968
17838,24796
7281,24463
20620,9324
1629,14989
25721,29442
984,19256
17390,6216
6059,12819
15921,8381
18883,4782
4389,5406
3111,14900
880,31628
11707,28035
16084,12624
35494,11100
11189,21968
3385,14517
37212,19334
18276,2113
45527,2039
12990,32624
13713,35176
6270,7728
4716,4310
35203,17591
41098,22457
5242,26057
9190,19554
6304,4401
32217,7058
15721,21820
3020,5408
61,5866
562,7900
5986,548
32140,15365
45608,15057
45196,30134
43547,9117
30769,15956
515,369
28299,2896
21650,3464
5498,26480
6736,16905
23364,27969
71487,8893
14498,13395
33947,5997
26942,24145
11821,48
13197,25715
32165,3432
24557,9398
36824,32073
21588,11846
58032,24255
3311,11079
47684,26806
11684,9603
24689,27544
18979,22402
15505,25223
26624,14950
25694,4589
16855,71
28675,7125
3269,28408
14860,7027
16730,3459
9657,28679
5096,30114
29364,11052
274,467
15593,32130
3221,22655
18085,4817
20617,20795
19054,17574
22229,21123
26592,7875
26115,17471
11472,2965
20751,16575
11933,9596
7369,4563
2930,27322
5653,31918
16134,12576
9876,22860
14124,16819
10714,3251
175,6036
15230,14563
26470,25724
19749,15782
6254,17293
34983,11485
3762,34178
26427,25080
35357,1618
1359,14503
3230,556
3790,16806
19261,19880
9631,6558
40322,2939
37034,243
32575,24442
14006,21804
1417,34554
49902,1698
1740,18546
9898,2420
1700,16819
15820,15659
27209,4431
19128,30984
8511,26831
20642,16636
41626,24282
15310,26068
4519,10208
1918,26962
13458,5329
3352,3077
21403,23635
13278,6301
53816,12091
17347,14621
65036,11779
998,26409
7697,10680
26050,4294
8921,17827
49877,1216
54285,28987
33272,12178
65850,3864
59170,1824
1472,16226
29142,18766
28031,13629
36816,19740
4333,9429
30997,28436
10956,110
4774,1496
21420,144
922,4140
48367,1508
910,2629
23838,8686
3774,23242
11307,31804
18706,16341
38797,25704
28059,24300
33565,2333
49460,2843
15414,19653
28739,16058
16632,366
31630,1965
40328,3356
44427,9949
7774,14022
40794,25037
6156,6016
11804,11499
5161,8506
5308,5438
20627,403
14173,9431
9404,26623
4752,3112
11388,21768
15760,4246
64984,25786
13823,17553
17049,23194
10791,1642
13677,9667
11468,28632
9645,24476
12026,788
1876,10310
35890,25956
9966,32223
62045,30417
9185,641
1086,26191
18151,24778
15385,35996
47235,7424
26213,21994
3899,16517
29654,25695
6062,18083
45732,3998
22822,8213
17323,14263
43428,9600
6205,14202
35807,18984
1166,10958
16828,27248
41676,3489
20297,28712
40431,8182
39264,18042
18510,6694
2606,1927
15391,35497
23974,9279
2025,6823
1566,15480
23836,11256
31249,8496
5367,26657
12121,6450
23666,28453
46542,1919
6985,9956
19781,21749
2441,27135
4597,16355
209,3918
42286,18060
38423,22919
4884,20382
3893,25710
24848,18061
50186,20165
26534,797
40769,16594
45923,1538
19245,2902
28969,16793
54130,5948
51152,27968
1287,28617
23275,8765
58934,34890
2161,11569
9090,1581
18596,24038
12617,615
17849,14417
22497,21778
57826,13851
6591,12702
69,2467
23658,10229
22615,10640
24072,6534
43866,5742
63365,4251
5038,4064
7426,2170
2337,21921
8198,10726
46074,4805
30354,28631
5130,24102
4411,11063
50112,7724
8701,5323
4603,1034
4208,30037
3103,5294
24658,10245
35234,14908
32538,8
33907,146
25065,26928
44438,2859
3650,3545
28441,25289
65800,6687
6126,14411
1123,16199
5582,15304
20460,34989
14773,2190
6220,8465
6845,10316
19533,1053
28884,24960
7402,10967
2070,292
29711,8331
28912,4955
16072,26847
59948,802
13295,24527
20432,15715
40058,3767
25925,10549
6560,7195
8211,13799
26492,32165
1271,26358
5311,2698
17648,18081
31871,16133
21719,7211
50879,13840
46911,5313
4974,848
27216,1223
43553,7016
45993,15016
34621,23802
14189,11389
4085,26169
44520,6382
1132,12254
45113,21306
15064,12064
36558,10258
45682,17597
44955,15749
21546,7625
9306,10153
1930,5441
14771,8584
25361,10760
26022,3425
2305,15307
45588,7165
46277,12126
10218,33351
13811,26403
44560,1632
8431,25190
48089,3500
25636,7772
12292,8976
841,3433
26417,2396
8688,8227
42149,6295
2023,8729
54217,485
41,33330
26800,31655
32428,310
9554,29758
56698,13223
25771,12243
33546,46
30258,2155
35681,3810
13333,23457
24339,12129
35308,35730
38253,12196
12070,16482
29036,11116
8588,28088
16250,32430
27058,16590
10573,30916
854,33502
36709,24880
11331,17268
19114,11974
25763,6725
30639,20589
180,22901
28770,6979
10963,20965
26916,16136
28501,6542
40621,9478
42885,6521
2757,3872
8013,24128
35830,11619
19483,20837
15233,11463
1641,24826
62733,10565
19772,2919
2710,5372
58290,3953
84,15298
16337,15649
7907,3917
54663,7370
4122,18569
35927,23321
7149,10796
66538,17113
29025,31142
28617,28288
7902,16731
14069,16713
27197,1565
34685,11373
15263,8594
7697,5341
23369,16888
30742,6343
29581,11202
18699,24475
1307,32777
2958,27662
37403,30130
29692,11795
8757,5937
45835,20259
10732,6112
15443,20411
28293,21893
40523,4760
27088,30875
48356,18971
3248,17823
1370,1573
6,1994
1289,32973
19964,26546
6144,20540
19448,29254
8337,10680
46724,7221
22331,15224
27028,16129
2741,5772
26954,3528
31155,1189
21920,23705
53655,7636
26309,21683
11170,31264
32977,27761
32063,566
35197,16134
52358,21511
10894,12342
13977,5569
9079,240
54793,23713
31777,20122
33093,24401
9670,18050
21313,33977
11806,5985
58989,5239
6309,11753
676,7078
36928,379
11105,7844
12329,5316
2013,15995
14660,9274
34391,8817
8091,14752
2683,29373
15695,10100
37324,20
14159,11404
31601,4025
49595,19311
14436,30820
16962,12228
37612,20658
4753,19238
7302,11851
25670,14637
36158,2809
14694,4040
38246,3732
56787,17927
6806,9407
33129,3154
30709,2550
38274,17802
11654,4828
19037,11050
31032,29646
17992,2630
4477,29737
25059,7481
56684,2913
19564,12892
4646,1199
17258,6904
8932,29344
55605,9585
27613,27966
1259,9994
36487,6967
7703,656
5984,7832
41018,9962
17973,16402
30311,32069
21277,27026
49671,26345
45597,1751
12224,15979
9068,9846
5052,19949
4752,3112
31183,11104
67544,2685
10597,23695
33466,3449
16064,1809
23973,22667
6525,9823
31828,17416
59525,35197
48601,758
25515,1482
31076,16293
69686,10574
314,21925
28522,13471
27634,19145
3200,4964
40284,4027
36404,2600
5013,18159
41787,17180
10757,16508
11401,2603
5226,4064
32016,19592
21471,1879
23282,15673
42377,16706
18875,27730
26952,24295
21521,2940
35913,8287
13169,18750
46490,11594
2449,214
19860,2972
4493,1623
8500,1183
5651,836
5158,26544
4647,22581
6074,15940
35709,12575
19868,20026
6597,14632
7779,11841
15666,5359
20989,33504
65334,26325
22038,325
38066,33185
66363,8068
17726,11609
2273,12767
5250,10153
49787,8213
33360,5599
21536,34977
16776,33889
22256,3969
17439,15907
17082,26697
4996,33949
52520,18947
9674,26835
29599,4777
26015,26494
12763,34381
8426,20506
5390,27918
8700,4933
18224,13339
5082,24742
6760,639
22345,314
1831,10547
42148,7124
45733,15860
26425,3998
17072,1147
17074,7055
24293,31079
5116,3390
22596,2496
5009,8204
57214,24847
35367,14124
56904,10698
12551,2686
45,12516
6607,1138
30567,7049
16241,29350
16456,5154
17078,13056
12835,10747
40149,27472
6006,13558
11764,10788
2169,10675
469,6865
8739,6250
16364,1244
3445,14338
27493,21176
23294,1903
42413,32517
2841,30761
1956,16913
313,995
10772,4787
20219,29409
15045,19899
2120,23926
18639,25806
38132,14434
36772,3764
13975,2411
30635,10728
36294,26194
63419,14303
31289,9560
22208,12308
15761,3045
8785,21085
3385,20896
11898,21756
25764,25994
49875,29508
45788,22144
16466,4687
46513,34559
1200,6099
44666,31005
48321,22040
22432,8032
1672,4164
5975,3811
22047,2789
41662,9098
30893,265
14692,60
37169,408
17596,26988
33457,24413
48951,20452
35750,5865
29622,19961
11002,2956
19519,13795
49124,24706
33910,23646
38759,13667
23910,21773
6000,7735
43512,14784
3881,33246
14791,22643
7478,7146
52171,11240
7980,29201
2352,20185
7102,6899
59468,12071
62368,26155
38404,18085
17902,30474
31613,23330
26104,5695
20758,31530
25422,32405
11532,32149
36672,1523
33126,13865
13753,4407
2716,7066
15287,26305
24780,12497
25240,3648
21342,11723
49804,5389
6096,20944
19618,27599
9298,215
6734,928
23945,29732
16458,18827
30092,28701
38271,7427
32654,21167
23950,27716
22197,23622
23009,5162
6099,11872
6951,11933
39974,17576
4891,7509
7176,11971
33778,15469
7424,7258
20462,376
11259,12450
39115,22823
21772,10530
15456,10156
763,21615
757,1037
15613,12626
5455,6011
37151,15531
7042,9822
18973,4333
25995,9761
2152,7215
1068,32129
4447,9964
4087,5041
1732,19856
38246,3732
19618,27599
18817,4660
58336,7896
49354,13940
1902,4397
32918,5766
43713,31567
4598,30318
16648,3323
69733,3297
58065,4021
49780,3740
9524,9932
4122,18569
2843,6179
3690,27946
17161,30975
2274,11028
17552,20488
22811,13305
29747,16664
22441,4408
945,30596
18083,3134
39236,16868
41439,11491
9464,9198
35292,30167
38050,15281
2234,19537
37320,30937
1759,14771
22517,13267
4825,13312
16936,30050
36579,11588
65974,5660
34024,2251
56396,12922
42927,5160
25830,3876
26385,11701
17461,4026
27603,4404
27583,23538
246,18459
16453,23120
2696,8907
48002,10483
22046,25374
4191,14411
53934,32931
1582,18955
33633,33982
29710,31466
15906,8464
3844,17321
36019,27657
6273,22129
31861,10817
31459,8448
7550,3976
10873,34103
25917,8870
31212,8746
11832,10361
2679,5621
32732,3251
20500,20896
23218,10085
34863,14056
63004,23586
24428,7227
14000,8141
12805,10997
20375,12379
10354,2883
28006,22060
42008,26214
15357,21549
12706,1133
742,16259
42748,23111
3236,13918
817,29942
18307,601
6137,8059
40759,16533
34770,7181
8039,16425
13105,30927
30681,11638
26136,32364
8777,11945
23387,1509
66087,2163
45373,12692
31444,29443
16599,22676
30313,23116
36030,717
8959,309
56028,567
56469,2577
41769,27939
31127,16317
37196,16587
6725,6625
10721,17364
14197,621
36305,14950
8661,4373
16039,1182
28227,8150
8753,18981
14989,26163
26447,3813
8521,2741
14839,7708
17483,15455
3951,270
16334,8901
22390,16518
2187,4286
49145,3262
31833,2793
7666,23048
25805,448
21699,19745
44033,689
12681,10625
48080,27154
14553,10068
793,11481
16842,19807
21555,35701
1692,29727
15578,11788
26575,2338
45820,24518
41576,2786
26037,10113
20589,29202
10805,12924
11526,5624
7665,2816
15140,12414
1861,11201
31341,14019
5156,24539
20231,29957
37668,6533
51165,12966
25367,1613
3580,4211
18835,29315
7647,1241
6736,16905
34813,19188
44426,18061
10058,14135
13325,20364
31426,20334
20406,2313
12573,34513
22912,10980
8921,17827
8542,3138
22833,10548
18020,3799
67398,3915
46648,8357
45078,28549
4065,13018
41233,936
3624,12767
33898,14218
7861,7310
26664,311
9130,1382
20219,29409
17587,35169
9764,30920
45863,15351
20205,13587
1854,5855
3913,13227
8513,3786
18182,27184
4885,8694
9750,13300
59686,4682
21152,8223
36672,1523
16921,21589
46968,16131
6134,3622
2822,13578
2010,1794
35303,16151
43487,25486
10532,13666
15999,19360
14160,9269
2932,3249
22772,13073
47313,17790
7537,17515
1634,13017
31937,23589
49350,34628
42911,13999
5324,7598
70325,6538
8376,35702
47875,33578
4750,35836
7312,4921
12335,18102
23473,2856
5590,21155
16801,30806
1664,38
10026,2221
14612,9477
51286,28721
20827,10901
30805,14657
11571,8533
909,6346
50358,20426
31256,15947
37331,1071
26024,36589
3880,19867
15953,2722
18764,1419
13798,10663
13269,32946
30404,22073
37987,17600
13209,5890
18292,8462
16180,12278
33273,33437
49007,29209
40992,31216
10093,24872
20921,20807
11755,8451
26583,20391
3132,1494
32502,4543
19911,27554
17850,29628
12376,32163
50361,1186
22823,29330
60045,2878
968,2526
5271,9971
7311,5761
29641,15998
13957,24684
11333,15561
37814,28903
414,13312
34821,24718
11583,10168
237,7723
6889,25840
4726,5956
30851,25854
30811,12490
22367,5297
2258,3148
15652,30188
1459,3723
5686,30081
6224,14067
1700,16819
1112,2425
20990,9215
25163,4325
3512,2582
2944,11274
18423,26018
6311,17239
49377,2615
50491,3829
2948,22185
882,22228
9488,25134
13543,8949
26091,11723
881,7553
18593,2924
16645,11888
44016,31756
23276,24199
29863,20308
292,28462
7610,5386
20219,29409
26901,18990
22799,30241
3673,33264
2746,2895
68439,2671
34902,28679
22883,6243
10084,13537
19520,22445
17996,7065
26444,13180
30094,7475
28431,17302
6231,6476
33818,16723
3306,431
61130,6133
18649,4503
180,22901
46601,5665
32162,9771
54596,11260
9237,3970
35801,7896
44808,23150
23534,23081
41338,908
24684,20336
8823,12609
42884,21724
46691,5181
25744,315
8395,11394
32569,20266
23420,13630
19071,24120
50168,18126
657,7169
28373,19280
12996,6234
9764,30920
12102,4640
1646,2382
18835,29315
5154,14839
12574,11527
5460,1522
39736,17083
5685,3805
10161,11635
15923,6895
58079,3648
45036,15225
2839,614
36647,26510
15829,2456
50461,891
4739,11241
31330,4255
8018,5669
64488,6639
10565,8957
4955,5015
19255,30211
11115,22670
41771,5045
59624,24618
30239,13246
17654,11541
5464,11150
38997,2548
6830,24212
17936,5858
7683,25834
712,12654
63418,1461
3273,4061
36673,912
1713,12151
22963,5113
21869,17647
21589,14953
44854,33610
12001,13634
26848,4593
4867,11109
1193,16006
8212,20229
44755,4675
34544,21741
8980,10630
20935,32955
43289,12031
40666,17691
46178,10543
33417,9337
12847,18195
28649,32720
3877,34091
15877,10679
2634,18698
10694,11395
7795,22666
43328,3377
31385,7236
37456,29113
14864,19174
48605,13081
18426,5086
20135,4464
7952,27939
46929,19239
33299,16049
11760,1649
5621,24627
18412,4726
25347,14182
25164,10918
53379,11408
229,35394
40189,12114
19853,17112
37426,7384
1244,31192
38537,28545
964,2515
5621,24627
6830,24212
14553,10068
5157,25649
1950,11996
25633,142
35271,23761
11134,21978
14124,14004
3646,4898
33457,24413
20032,32505
2411,1194
16434,2401
14710,3887
3896,3079
11303,11968
53348,12292
42685,16508
16848,1425
3321,24716
10509,13073
7263,8667
6427,16363
32222,4927
15755,7937
15864,13091
5677,1161
27754,15372
56378,15410
16563,12621
19011,29587
18476,8418
25010,16806
58368,28452
11842,959
11710,34221
13758,12831
50870,8579
24221,22882
55682,2625
24651,25263
15225,31961
2146,1019
1701,303
6695,24220
3472,16025
32490,34528
43516,7994
26222,18779
2320,26131
32238,1720
8501,229
20245,33003
60814,3569
5988,2233
8634,3709
28063,26177
2806,1163
22956,21027
1002,7655
41100,28436
24243,5922
5750,3043
3809,11614
49861,1563
6615,1514
51233,1859
24632,18594
14495,22187
26959,8279
22697,3540
13327,3664
2159,23941
58555,1421
1320,7211
11285,8611
36254,25129
24899,1803
28782,10066
10166,4756
9033,14649
15355,18682
17812,36379
50381,3324
22158,855
32686,2720
21498,6627
33806,31721
37266,1772
3013,561
14702,29916
145,6706
16360,3741
57498,27584
13760,15437
38133,16851
472,21658
12705,28018
18520,23889
29869,1900
28620,11584
15404,7148
17116,9669
20944,5517
53139,16953
21733,14783
20964,25009
20077,35648
2816,18976
44270,1132
16826,17263
19842,23306
26473,21888
19534,9501
37566,21412
5738,11919
8674,5039
44244,35671
1023,11481
14845,31636
17667,35007
33687,11665
62828,20114
51599,15668
29016,3873
947,20182
22842,36141
3880,19867
19062,3513
2142,26782
12754,25021
32068,5323
8370,24995
24319,10320
77951,22849
6460,30841
909,6346
4782,8477
12643,23750
66583,32449
12047,15057
9729,29511
24009,15166
55692,30421
29429,25606
25292,16526
50871,10387
1670,3858
9956,2396
3712,18040
8199,17461
21901,2993
34009,29341
11666,1472
41898,2135
40607,2565
21199,15149
3181,10853
51821,18878
46207,17358
36999,805
24308,6185
7405,16319
5858,32087
670,2377
19563,247
36638,2637
51801,2522
23386,19585
6766,31847
12729,181
6215,24352
27418,6852
2339,26195
23642,13667
35464,12053
17070,17162
26130,4398
18849,608
31773,31458
39890,20034
17041,1424
434,25699
41685,29872
68856,6961
14627,4503
62802,4328
19665,8179
12527,5300
2275,36092
9584,1886
11562,8667
6013,15359
7044,33862
28499,29532
8710,25457
8029,15298
1441,4176
1187,19217
31455,441
25125,29571
13828,6903
9390,8461
44612,564
22957,25052
44898,8444
26265,13515
30608,3475
3783,12198
6518,10496
28104,14958
22673,16426
16572,27521
29580,1076
18110,34542
8534,941
1313,33679
55107,4520
3077,8067
21679,3825
11673,5552
15499,7361
68648,22379
10727,19633
22514,27849
59038,18260
10527,21130
26890,5274
61943,33163
9040,6938
20684,15128
4953,32111
22707,22894
67179,3435
54835,3503
6025,14199
9106,813
23142,351
26104,5695
3266,14017
28116,6052
32805,30597
19770,9199
481,33700
49847,2266
3307,11901
30599,658
17253,9102
8613,9108
9399,15949
27629,24224
11890,24503
35192,17421
50533,940
11386,18170
19028,21619
178,2298
35234,14908
44425,813
35990,25888
16368,2661
1101,20643
26995,21672
21551,10206
9668,20832
22609,579
24549,11786
10475,20812
23031,4700
22142,15437
65368,10204
5479,33058
45721,19207
12213,137
41177,341
24165,26860
17623,22693
16993,589
62113,2426
15088,4558
23446,4046
48017,2519
3265,7234
36852,26870
31421,14858
34602,17014
44451,7155
72824,2401
3662,74
21082,12294
26910,20455
7883,3567
50298,11878
2487,23734
11415,12755
42953,24798
34460,23886
23384,29893
48218,25060
24807,16763
4606,14597
51742,1210
17707,875
32114,25705
44775,17519
25404,29975
53300,24442
24654,17619
18373,678
5329,8067
52677,7734
3122,27013
7145,2373
2806,1163
37199,4423
46844,32104
886,25846
23120,18538
26292,3233
7375,27045
6752,8546
53099,2699
737,9364
13417,14332
253,10911
16622,28123
43729,27525
25290,658
37453,25815
10917,906
9330,16567
40207,13996
6455,51
5279,13822
39885,9520
3897,1565
39972,19293
9579,17920
71817,7494
23102,13775
8291,5227
4681,25131
27213,26532
54047,2481
71725,14905
34421,10153
26805,33747
34993,17933
31134,15937
6491,18914
5856,52
5909,9383
28157,12682
32231,10668
13671,18023
61942,30029
4001,2230
5118,32460
39329,34330
28763,17041
19048,27084
1486,7061
47014,13330
18259,23607
39279,19685
45893,27565
16117,372
269,2612
25466,24426
24677,8891
6949,26919
16013,12816
11401,2603
14479,30033
38018,25425
54248,26098
6455,51
27297,13035
4965,30434
16979,20288
39571,9584
4917,29234
28037,29926
8078,13649
744,14764
24893,18678
37742,2308
34567,18355
1677,6134
2074,10496
1675,20018
15054,20029
14374,5464
29806,13538
49498,18834
6003,15764
9660,618
5536,30796
29709,11905
18928,7245
24547,20332
3376,2063
34522,21331
67458,30529
4726,5956
4302,22885
7797,14270
32492,28105
100,2647
35080,18558
10230,5708
470,2571
8593,17001
502,7362
26260,21038
24681,19810
16788,13811
25485,23030
26870,10927
6641,5233
10553,4694
18415,1408
16995,4023
60262,23542
1374,9355
33063,24931
77297,10412
11515,30147
20242,17440
11212,28792
3753,16843
19277,32373
28070,6895
3560,8900
3700,3537
35707,20893
5212,26531
53305,2351
2386,19090
11992,26088
11649,905
3983,20912
18987,15448
6670,7956
40543,26720
9059,25255
26981,21019
17197,12087
9061,25364
3132,8067
50259,32373
13546,5570
25201,30209
23052,81
21122,22570
31489,11046
6437,28603
4727,2602
13428,2948
11129,5975
59933,1981
11108,26736
2736,31710
42513,3251
3478,21476
28821,10254
28967,31116
45391,14157
8744,5721
49106,495
1394,125
23387,1509
3945,19223
4615,21737
51265,11708
9266,4145
49292,6120
139,27125
35842,8237
21062,10299
46655,15284
44798,11425
55494,18626
4814,245
44733,31742
3171,25225
39793,20190
59110,16518
62743,954
65596,11338
12716,5445
7322,913
27755,20089
36551,18434
8775,23713
3505,1231
10958,4824
12642,14058
9942,11085
5880,3652
21380,23838
37832,2359
25680,11860
10688,374
12380,34090
23755,18284
23212,5480
13913,13281
14213,29694
8787,23867
13234,30789
11033,928
3693,21512
10192,297
20442,501
5624,8824
37968,2245
35764,3463
42383,25362
39801,28470
27194,13427
54324,23996
26849,26309
30176,6789
11181,34507
59208,31983
54369,848
6436,4261
8243,2553
22059,18716
30405,18497
3016,10006
7092,2498
52330,34493
7451,2789
7420,6893
54811,8414
23102,13775
29480,32823
27775,1304
21855,204
6725,6625
14379,4682
42381,1820
3636,1978
39111,13902
6705,11449
683,9101
23566,11106
13740,15424
31088,10352
9090,1581
35722,16052
35982,9015
16666,200
39279,19685
50090,9460
8305,3
21168,17911
10207,29707
12338,4399
6371,224
14220,21749
671,33241
1035,25769
42262,6403
8155,43
24288,17757
44309,4963
44917,14854
5715,28030
32647,12144
12853,26577
11403,11884
13694,23301
33332,8699
9834,27536
9423,9837
40683,18052
37354,33823
19519,13795
25213,15874
48732,16056
33574,20097
10571,8875
25988,4598
42057,18098
41327,31260
17958,1230
56393,21452
5696,11510
7764,26398
47136,3851
10122,24801
3695,714
30450,28459
43410,5336
19987,4109
24822,28430
60056,1479
35925,5147
1332,835
18546,26238
4701,1191
61286,4
40648,28093
1376,27323
20296,5921
774,4109
2813,248
23179,27697
33814,14944
11781,307
49255,8546
42948,24630
2537,22912
53266,31214
16743,28116
23535,9417
11145,9011
8506,3971
1970,5654
32803,17125
16816,2482
53935,15645
21564,22718
61470,12053
49200,991
18126,12128
28566,2289
20961,10317
2115,397
37550,28084
6906,24660
11947,8845
5222,26294
3670,8943
24298,7994
42920,4298
27568,4919
540,20901
14579,6480
12173,1404
46469,742
10149,8472
10547,23490
35620,6196
3009,26342
1678,6750
2141,6969
41856,780
15718,4127
26754,4577
5213,16581
48814,1261
20427,24265
17256,3102
12419,16209
26058,28875
3608,17299
20307,716
4294,25862
52883,16464
3349,14032
16648,4693
8003,9585
5870,771
8493,21452
31516,8299
9680,6410
6851,6057
644,7923
12057,18514
47050,3545
29255,23972
23612,14720
34854,19207
11531,1259
10785,4535
30449,6924
12889,21423
16992,1262
18547,14094
19326,2967
22535,2023
7511,8550
8011,16374
56194,13468
13467,16742
17027,30892
21064,5907
19348,2650
35681,3810
23806,7771
39460,28703
9947,34259
4583,17298
32831,19297
55934,5459
12048,9832
54017,7795
11980,21188
8398,9274
15386,945
45970,3431
7681,28103
11210,33889
25809,14110
55850,25535
28842,22359
13636,2175
5848,14600
2119,7722
6692,24242
3886,23691
20506,1781
32463,19771
19842,23306
29678,20343
3967,21574
5329,8067
1807,2745
40320,8576
21625,25594
10222,9068
20007,8527
30937,14747
37923,9857
32065,7721
40084,31092
10222,9068
45233,12649
19569,18044
5459,28840
30819,5971
35769,18707
7745,23722
36243,17715
2046,401
14738,18022
57374,8303
9227,5967
1444,16385
35503,5183
60974,26171
30898,28201
30402,8055
13010,16265
4633,17902
37522,11326
29021,10660
8709,33129
20401,21149
39424,22368
11923,20366
6416,13476
51565,9753
4066,24315
40638,9163
25384,618
25893,272
9510,7816
58868,2736
6639,1843
2386,19090
27299,9584
20439,11255
35611,10683
54738,19553
4138,13426
2880,35474
6769,11728
46880,2658
26511,15970
26021,6718
29679,35516
441,7360
21101,18551
1827,28697
36446,20730
28597,9890
12246,20617
6870,4372
14536,2797
8984,18418
15624,10226
676,7078
7630,18203
21078,1488
45255,8213
23385,350
10229,18228
13097,23062
9273,3761
60933,16578
43672,1244
11488,616
10883,22160
47853,9517
8254,363
6662,18460
7624,10439
3897,1565
52691,14174
38923,13588
52673,18337
43053,6562
12309,2929
18759,349
12774,1581
36981,18867
23569,8875
3183,21805
17043,29553
33265,13260
10052,11561
44494,28
41968,1699
11108,26736
14018,15811
43885,14729
11797,33617
1700,16819
49321,3246
27428,2628
19462,451
45594,3203
12039,16481
271,20796
51404,965
2225,14030
31739,4536
18865,12271
40911,15051
4155,9553
2846,17187
39349,16240
3740,4744
40263,14186
57913,4573
451,35455
47442,9634
14477,32177
35840,19710
8034,19045
367,352
50359,4098
2675,7508
11658,6841
48695,35704
8808,19689
14472,24084
163,35220
25744,315
19814,2147
53607,4140
20798,2436
1432,5724
10143,24804
10847,23149
32292,17793
18142,10385
39485,10212
2300,15775
4416,3820
11844,15798
1365,1001
24166,3173
36444,22577
31161,4252
7162,22960
42555,5929
46792,5475
17210,1270
11069,17788
17575,27897
7401,1020
42584,13309
26554,17945
51388,19499
2822,13578
23156,8763
30051,6772
19479,14947
6522,9663
55716,29731
39269,19529
43986,25979
1247,2438
9083,28721
9181,13026
11677,32994
59051,3855
15792,9220
28604,22920
642,22970
10515,9734
3327,6714
60862,4010
30221,24536
38178,7888
17594,7995
5993,25677
5787,31670
13532,26839
11998,8749
10748,19550
41256,29192
45978,14343
16327,5516
14588,3423
33085,11566
27754,23639
11746,19653
4079,10535
58395,13172
24653,17427
14082,3678
10417,21803
44169,3180
1074,21164
13672,26141
7634,20371
16531,7180
44573,14917
37510,721
43364,1786
14999,6735
31616,5461
14608,3400
48929,10287
434,25699
12457,26839
16405,2574
38189,1548
36626,7024
50769,32926
57572,14349
38233,23233
52548,6171
35489,18023
17715,10804
26097,20997
25547,22219
49938,10223
2989,28440
4430,433
5232,3939
22729,29226
18298,21254
8611,17325
8540,22142
3944,12118
11189,21968
2223,7681
945,5788
56039,8842
39267,11719
3414,7607
8070,26684
19301,26160
3360,17264
4756,15565
21553,33039
36342,9878
1571,9019
53329,32253
39924,1916
15507,17004
6148,13480
23998,1563
5392,7379
55907,1845
40995,27296
49503,5393
12878,16353
20126,29984
7443,18148
21136,12297
4530,17497
4381,21574
4220,33494
10565,8957
47274,6447
10133,4491
7939,2061
42924,23858
13025,13282
2101,34843
13198,13657
11447,18593
51315,35418
20557,12732
10931,8147
29639,29310
11750,11539
4273,21527
23997,8237
18287,9249
5475,905
9012,3252
7495,25858
27813,20680
802,35842
4,11974
13436,2175
12634,13793
1616,19246
4856,9252
6287,1407
15907,8817
12349,10692
22963,5113
1872,13196
52457,28806
11647,10
4042,12115
4858,15112
1955,6245
54316,26270
59208,31983
10956,25715
7530,33468
13674,24848
3442,25596
64899,22122
5513,2934
51396,25445
150,4609
57789,8330
2201,29241
38644,9209
25685,5677
19981,32566
14467,17880
26732,14008
32089,31
17990,9018
12571,13987
2268,24262
3407,4947
49466,29337
70393,23406
17457,306
9407,7560
26490,13759
1432,5724
22243,28551
61522,22318
13794,2247
10591,3929
656,4663
18214,24300
36703,312
22338,2442
8364,15901
11836,9798
2623,23558
14841,6277
19874,24317
4540,159
14729,17962
61930,24254
10417,4682
17463,35435
5027,15325
9980,6000
46453,2354
20802,1535
15138,6859
34874,24252
34363,30053
36359,142
12621,7314
6190,12978
44616,32755
22588,8427
40073,3378
5445,18510
13942,20155
14851,854
4545,24797
4968,6829
7863,30362
11404,5852
19038,23489
29671,3383
16624,5126
70644,25182
7333,13866
31622,15151
17487,4895
29353,6270
18167,24523
3755,12060
53688,22635
10124,12939
8356,8179
10368,4890
37642,3650
2771,25921
52300,33812
28629,10973
6123,8501
13239,6610
46218,17569
42270,7532
14436,30820
15149,30366
42707,4272
5041,8967
25078,26116
20669,15640
20499,11971
14816,6992
4235,24519
3519,4280
27693,11831
14710,3887
18062,28965
57153,8160
27301,2082
12221,3074
36800,337
15706,22835
19453,443
12644,3695
22547,15135
8069,23740
25918,30727
26722,10975
3505,1231
10898,1960
10979,11228
32332,28160
2225,14030
57956,23259
48144,19140
22450,11249
46879,13529
39551,8846
7985,2895
25366,9187
28400,14455
1921,14847
3009,26342
17987,12848
29356,53
15024,6778
17387,23756
1209,29339
17694,4339
22408,36286
20849,11508
15423,15114
9725,19749
13425,10458
28446,5485
45770,22331
75305,35890
1369,4331
640,6893
27291,15422
23670,24012
35012,25111
31497,32778
14873,19938
4213,4579
28880,22160
16344,17385
6467,24719
11650,299
27006,4013
8224,2883
13372,526
9464,9198
2548,5932
21499,21633
9133,15293
9478,1679
34818,8523
8761,3741
10993,13081
3020,5408
15328,22
3872,3691
59471,4291
4237,20868
12081,5248
25410,24283
48159,26246
28187,24966
31880,16177
299,17127
65997,11781
22383,673
1735,7054
9918,238
57436,12196
14949,36274
16298,11941
40069,5119
23603,6853
5352,31411
42561,9917
20006,2239
20505,30718
42796,4112
4021,17013
8929,27
10824,13565
29817,11738
10836,21293
13692,17594
40694,17667
4875,8281
11148,25947
23285,13633
8763,3578
74332,11384
9602,7408
11917,5888
45330,21125
21386,20871
29236,35378
50404,22480
38111,21442
25342,8539
149,22393
13220,18099
35541,9643
40510,26815
6494,30559
15787,20082
23291,23495
39725,3352
5901,18029
20890,1708
23653,72
52020,12881
21151,16529
45190,31572
20108,27907
29739,856
17219,14710
63115,8629
21246,2567
60104,8514
33129,7129
31081,7932
550,26145
16347,26816
37342,17511
3024,14948
42837,9681
4656,10430
6553,1971
12822,21067
28392,13427
40214,10203
16434,2401
24798,7392
5666,31386
29583,29722
17360,6796
2552,20032
29843,7656
4687,7356
619,8533
14327,30390
74409,20355
30246,19935
14299,3104
18519,30299
37526,1846
6083,30296
850,30100
8054,12940
4861,30739
286,17136
8270,16592
14327,30390
48534,23108
199,6472
5702,17317
5190,23806
2081,15259
25306,27794
43054,655
25763,6725
21258,20746
32051,15770
5426,23583
49358,3039
10825,26068
53312,3455
62439,2016
16449,33456
787,22712
7885,3723
42953,24798
47814,22573
12554,22215
54062,5895
5400,3439
33007,10647
9187,26937
10846,14463
3917,31324
45867,1823
20982,22842
4463,8072
13273,398
13777,6796
41683,15323
37087,18439
8678,32017
15752,15486
41305,26038
28550,32271
619,27334
7018,10496
36708,19677
17570,20791
13649,4037
53141,73
15478,19838
9578,29000
23601,4761
25801,15345
13844,7548
27301,2082
26353,79
15750,29542
12077,10603
3457,1162
4516,695
43626,26210
25411,9487
5171,19459
7923,18331
24907,21278
3401,15177
24288,17757
32647,15426
11796,10751
55922,10165
8786,8736
46606,5750
2500,8400
37109,16751
40660,4813
27657,35884
21454,4709
27664,8513
14459,11107
7557,12436
66415,3448
67716,412
7430,7986
49774,29608
3522,35577
2399,19973
54934,5704
33179,4313
23133,9780
37400,23068
38050,15281
31281,4158
58706,10589
14523,18427
21,7457
50443,8902
37688,24151
8890,25207
35062,6297
30759,25142
6602,12304
34349,1466
9326,15314
20865,33592
28809,23389
18459,25427
12523,35769
43797,673
17582,7400
18642,7564
44917,14854
11249,664
44083,26977
14496,8250
10790,594
2043,137
6437,27956
11140,13704
48200,14202
14897,3511
7068,20953
2706,3885
59412,21303
40720,8511
42227,4053
5225,16362
15610,4535
30610,18866
11740,27535
6742,977
12240,8600
19515,17559
20750,11151
44798,11425
21971,11126
2134,2736
17176,16369
30876,32727
5195,27659
20474,22414
47890,4317
32455,479
49049,2554
27003,35308
18427,5899
62077,8944
4257,27460
11262,25527
1602,4012
12971,3218
18250,28429
44609,2515
36751,2888
33517,3913
16975,18749
12323,16636
33303,20947
8087,13816
29801,25962
14641,20686
8272,9748
35955,1318
12077,10603
9238,17175
25493,20303
20262,25535
46308,32588
2751,17895
36578,9396
29949,26190
66032,1567
3059,21281
879,2832
2561,23428
50102,20078
931,27281
21854,31385
72145,4186
17848,17828
52226,13350
17279,821
26563,696
5816,22022
14089,21979
31931,21752
19770,9199
25050,3696
20938,1521
31496,20981
9386,29661
36816,19740
12828,9501
22780,24120
70376,5986
33019,10139
2513,17102
27,2943
8913,22343
22820,3264
16463,4264
13695,29417
15488,27896
2571,25061
12150,18419
39923,19172
20720,17979
25552,6256
23829,5194
6519,1158
39703,13116
15047,313
46934,18164
23843,21944
19677,302
14051,17375
61431,31572
52609,10879
32085,1078
46038,10053
47720,24519
17057,1854
17021,1086
27502,27397
13681,24973
36024,15284
62331,29808
39633,10508
52342,20743
39276,491
29622,19961
2513,17102
12082,20405
13642,11039
19519,13795
22694,35358
5614,10944
57796,28191
47729,29509
16106,3603
6078,25185
32927,2023
13084,30681
44529,34736
21076,32030
1853,14581
3191,6852
6802,9734
32748,20230
8756,3145
8651,23929
7970,16072
14956,20487
9482,7040
2632,9837
13422,8237
15190,26575
14370,29599
33760,11070
17493,18058
10204,8588
7,27536
17553,19773
9128,15769
46896,27223
39354,30733
41946,30820
18469,31136
45565,6586
32975,26713
51580,22431
421,3191
7679,28850
834,16419
11277,5456
13532,26839
52996,1410
23293,4617
4795,10032
14236,3385
30720,10588
19865,3457
19654,23996
8324,7483
57766,6652
34142,24520
37578,6917
290,24263
10248,895
4501,16654
50378,27012
42914,440
2131,9219
4529,15085
16080,10476
12541,8721
33490,35194
2719,20669
41860,13575
6825,7995
27257,22938
6692,24242
14162,1011
33333,4395
2,10906
13998,5645
67401,36243
12583,23909
50979,15256
57885,18601
21532,9046
15916,19720
45864,19930
23639,17462
676,7078
771,28904
29334,22306
27382,12860
34232,14841
15772,9911
13597,18672
28076,10075
23546,8776
22019,13414
40803,16426
13398,34648
47121,22699
21614,4009
17261,5704
19749,14343
39676,27593
20039,948
13382,22964
5519,389
25447,13050
23192,24657
4772,13118
3066,6394
61109,9886
14479,30033
8149,22974
20859,5053
8225,12260
43666,7154
17144,31186
27902,8522
8460,2096
8529,6576
10745,30003
2636,1788
72517,29529
1496,30316
43785,3967
28574,3268
21100,6769
15433,1279
49629,31528
43123,7414
26385,11701
16606,34619
33609,6142
5974,22227
31775,5776
65112,14521
76294,12640
51104,17165
6801,30751
16757,11150
13893,23617
1536,20950
40331,3028
31716,6194
17226,13141
62829,5834
49795,15953
3514,28547
48962,682
45792,537
3815,11913
15237,1266
12052,407
1332,835
29013,5003
41671,30304
13755,19009
15161,17283
24773,18047
32334,29518
709,19942
12475,5312
45762,6413
3109,10323
28359,27654
38765,2079
43305,17847
12913,1748
9497,13375
2314,15735
1150,29775
36676,6398
30505,28796
11749,14787
26570,13037
1213,16159
28358,31691
2802,4911
16995,4023
3994,20698
61118,11953
41318,3409
7055,12328
326,16352
883,25906
9995,21266
31978,13610
6243,19770
57005,31979
72253,7084
78,11079
14408,3736
24371,2112
6950,312
2323,18202
21826,19815
24344,13719
37222,18811
14010,3306
62350,7018
15387,1789
22993,9178
53481,24530
32865,9004
31299,3089
8786,8736
39948,15590
10628,9541
77883,10825
2785,26087
21762,32282
45797,8235
52223,28700
71671,22937
2089,1634
29915,9881
136,16896
25830,3876
53163,3433
27560,11016
2921,13569
19321,26911
3236,13918
13255,24083
21246,2567
9978,26140
1833,1526
32888,19177
25717,9596
21372,15257
34895,10937
28888,8503
2008,23
14631,15579
19306,323
11181,34507
25756,11112
3705,1775
21550,22917
52691,14174
23256,3510
76073,6897
9959,3401
33131,31659
358,4444
18246,9183
45225,36299
1923,19863
28063,26177
13789,1347
31256,15947
15346,12140
19112,12729
39717,15367
19048,27084
30101,11066
2720,5814
26234,22420
8209,1201
11202,18625
2473,1388
7667,33
7035,7003
33933,13836
59833,20114
48291,11911
45970,3431
1904,7971
19506,4014
12329,5316
9927,32961
18676,4153
57125,27007
29033,19196
36022,4103
13258,16112
50789,6071
28989,21023
17044,31315
16308,9180
61041,2238
42732,31713
55298,23660
41106,2466
5729,11469
42613,23204
12161,4642
11731,6478
11114,13809
15831,4799
16643,29094
20226,9201
46836,33911
28266,13789
31487,14341
46192,10008
11581,2961
25381,7923
23821,14133
33288,6377
3663,14661
60651,26761
16402,5423
61757,20655
28,17223
10555,13044
41962,5894
63828,30821
6980,15796
7020,11715
25459,13857
39705,18235
65867,31464
63708,13518
17651,19468
16542,8519
34930,12779
11375,27195
27170,14827
10182,4653
13741,32089
22839,12931
45086,17223
25975,25608
23385,350
42666,5789
45329,16039
15923,6895
43857,32235
39833,11420
6223,21399
48300,10639
15260,2888
2251,8512
19022,23409
13744,7396
53926,15235
3438,13404
28469,15373
3504,11316
968,2526
32309,21037
9238,8649
5374,24301
31485,8987
2412,3748
2660,1397
10079,23872
5313,19444
32034,25294
8134,30655
33273,33437
14959,16817
3357,22153
27594,8210
365,3969
6698,5838
53336,22947
2427,3168
25930,4076
18603,4492
46884,8602
34212,8822
5709,22216
19952,2744
20063,13815
2195,3022
32744,76
780,3215
4420,22355
9188,2103
24420,26183
19093,36528
15147,27334
27736,7470
12555,1167
6542,6940
1713,12151
147,31386
6337,18676
28183,7326
54274,11866
34245,5618
10752,15478
9217,29543
59510,2844
59721,16378
46722,1516
34902,8681
22214,7778
33542,972
6616,22649
32083,12932
48362,13204
6843,17651
2003,6294
45856,3180
10571,8875
33143,688
15466,4161
56226,19660
24660,21843
6799,5211
59471,4291
37157,5932
9262,11933
33897,5240
27340,5049
44969,20624
62366,19081
13125,3930
12719,6241
13102,12635
59636,5823
17675,23329
8599,175
34733,18907
8841,33330
14002,24680
23331,6815
31088,10352
11815,30226
5353,8052
40736,10891
4954,1584
20466,12194
49247,24505
16245,6510
14629,10845
45866,8699
7729,27403
37761,5095
4880,18645
21585,16273
22891,16734
16876,23511
3362,658
43185,5241
4699,22339
41279,17955
22875,7663
12338,7532
18778,7776
953,6488
19628,8531
19956,7781
35890,25956
9656,12615
23396,10594
26744,2901
3976,7386
1719,11809
7621,3933
49478,32613
25219,17593
6364,28417
22091,20454
17737,6352
5,33346
34739,2132
37601,12111
30676,28430
31517,32652
15051,15530
22361,8500
22969,10051
5784,22950
26064,14555
9614,34514
20816,7823
5630,3864
2505,713
11098,28760
28887,7243
23027,1141
6027,11176
7542,22485
5396,3956
39572,34987
4908,25842
10125,24680
28397,11898
7317,11982
54918,1298
13166,15644
35374,11369
11232,22062
11836,9798
24170,5797
17509,19109
19908,2629
2516,14999
19766,5968
27462,30142
7447,35295
9319,5000
2756,19826
18720,16282
30833,3496
35858,29184
28142,23462
36767,10053
24070,14129
8307,7758
15329,16601
22306,11037
43079,8214
36150,7330
10638,7780
47361,14056
10149,8472
8437,4030
12750,13010
74027,19234
8106,10305
13388,4766
45083,1294
17478,9497
32461,9025
61450,9361
17381,17377
67626,22439
20184,21187
16188,6744
9336,33894
21181,17261
16465,327
45507,3580
29344,1252
11630,2114
13198,13657
52740,31932
10063,27
12129,17371
14737,6742
5185,27693
43674,13645
23873,4319
37274,11070
15929,18929
9486,22250
1238,24300
11518,2404
5798,21747
2515,368
7527,18715
22460,9959
42479,11856
12366,30272
3731,2261
57881,16355
15264,12690
32615,4814
15407,3454
26657,19030
15103,15029
26376,2538
17601,3978
2638,17268
76281,2714
11797,33617
3792,8285
4282,26900
12323,4089
68948,9402
15607,2838
2367,8217
1498,5378
48752,15275
10013,4227
11311,424
25837,10391
26190,13709
8669,19858
27153,20787
17943,2602
45420,20059
542,15238
735,14537
24679,11322
11458,2145
31802,29000
21327,9456
11939,25069
25192,15538
38978,5293
6793,13817
5418,9694
38326,14307
2991,33437
2225,14030
7992,2963
26951,4545
20914,2587
58665,5000
15208,8426
40964,5733
16601,18141
13674,24848
17555,16001
1942,6970
1493,23045
14397,13026
53535,26579
19581,18916
11797,33617
63063,3402
33282,7133
18552,21990
43788,3166
17522,15022
23108,26883
3527,24507
36191,20416
1058,15634
56587,1112
11714,33227
10411,16437
14191,18872
1154,19880
5863,24972
24573,5475
54251,15342
3226,19854
17962,36461
4337,18296
18521,13960
12320,3868
1530,2066
12925,5264
25102,13597
32828,25720
26278,3721
224,3281
15135,369
4942,1374
48559,3796
6580,34207
23060,12936
30883,1153
20353,11150
58606,1294
17428,16301
107,15812
15133,22505
60326,1104
41879,22662
27063,13291
6874,13793
51123,30067
43524,6691
7682,22827
4956,820
8398,9274
5032,26012
6321,19731
4934,23990
30410,28409
19043,22478
6306,9416
44549,131
8908,5140
33296,18381
38402,19417
10607,9111
12348,3268
12091,36260
8698,16008
21329,2009
17261,5704
52906,25523
54687,30538
18360,14380
3467,3916
51384,138
7516,7942
22087,12388
25848,15144
23246,8409
25200,17182
32668,26352
5208,12860
5552,7668
31952,13506
46996,20157
7251,25882
38232,30768
29415,8691
929,20288
43981,10482
12304,4675
24168,3320
7762,3428
10960,14795
97,22933
45191,19612
13036,9761
12190,3516
25763,6725
16071,8937
30833,3496
15243,18428
56298,33121
20714,19128
34327,14782
20279,25793
28950,28597
9005,15753
39820,24182
23840,7161
31824,17
2636,1788
21823,16287
11803,10136
20639,6265
37954,34160
24804,32058
9963,150
24893,18678
2263,11365
300,34629
11517,15208
5175,32430
16512,17864
19236,16401
20516,16507
48734,987
52348,28808
73339,5996
12032,1814
5067,1732
15427,21546
39045,3427
21693,6153
41287,23285
15125,15847
34552,11193
26551,9727
69937,5669
30895,8377
5144,30783
172,2367
4717,14897
14074,3071
15303,19014
9921,3984
39976,7211
18693,12213
46300,27857
21325,16449
789,9668
44748,31252
25925,10549
13992,2543
9646,26261
9754,5640
26699,8891
25799,1150
57354,3175
30541,16601
12607,6719
14777,36101
21614,4009
22281,27340
27333,33469
58589,20023
46072,8298
16627,34836
54136,23084
69728,20520
7092,2498
18120,2932
12593,14250
34005,3987
19913,1046
8530,6973
30227,9980
72494,4517
2467,28036
8375,3155
18550,22773
42494,12700
60933,16578
43539,12390
25126,6026
46756,8969
17597,30211
12859,31855
10698,30114
2187,4286
3820,1651
66157,13966
44865,14657
48727,3857
7723,9117
11461,5293
2430,15018
46546,30642
45345,16147
34822,22233
30055,2973
15371,18936
27931,2389
35171,2284
24678,14385
24118,15342
6547,9516
52637,2294
19836,6078
2233,26528
14464,34540
13000,928
20469,16616
58482,25142
607,13244
16090,32874
32185,22414
28820,22708
15820,15659
28233,9274
20300,15855
12275,16391
19952,2744
15752,15486
30684,27801
20543,5290
13668,20767
10794,9578
42943,26933
25551,23983
27514,2005
23453,30435
2669,6468
26912,7214
33572,2776
10746,32290
12350,4082
15638,10537
2961,23018
14824,14877
45232,14030
18582,2456
5399,4486
13970,35162
7319,9388
33497,17225
14185,27036
34753,9825
21123,3771
6076,4306
32996,20779
10670,9410
18134,20977
12728,18885
27486,15561
70136,9223
23175,13644
12762,25638
7293,19525
44163,7204
6351,1548
33073,3992
43862,14038
41921,5271
14555,12294
32264,3070
14903,17474
17524,26292
343,12789
64702,5446
5883,27797
8094,16264
3364,23702
22872,14333
36723,30232
42651,10610
15478,19838
17842,22650
20383,24397
3812,4346
65490,34043
9306,10153
9775,6814
47708,2385
33943,10778
27464,18442
26149,27499
8120,12901
13928,5397
27682,6920
17088,14621
12995,29105
1483,16512
2674,14948
5623,25417
13948,3273
11600,7091
11235,3912
1703,30105
9394,6750
1633,24610
8040,22764
46262,29590
23837,1139
7507,22417
11871,16655
24982,5657
52008,19787
7031,28719
2070,292
61655,4058
28031,25741
23068,4086
52544,13657
7468,1022
13317,21102
22402,5483
6627,24250
7297,13185
51623,2846
5548,18633
47410,9044
6009,5856
14699,34229
26007,20087
18740,25746
6169,4970
19589,20620
5143,13359
6434,18046
12923,7459
3541,10575
41341,31241
13375,16693
45265,14862
139,27125
74947,19416
11975,25918
13629,13424
4951,13406
29502,23240
34812,11515
28359,27654
7616,25958
43356,15240
40475,16079
15992,13877
2146,1019
56417,21861
33753,972
20706,5477
35849,30173
27541,17979
1954,12152
5513,2934
57,2386
37151,7205
15386,945
21242,19529
39714,7423
18258,24780
31964,28610
41141,15832
15416,14449
8273,23612
31455,33075
285,878
45019,17596
1751,13129
3990,15196
60382,1332
22897,4438
969,4235
11518,2404
12383,8649
52076,4969
42156,19237
21354,6296
4436,17709
43201,18406
38180,25072
12860,22686
61023,6130
9816,32435
34504,35956
6750,532
61143,10781
34888,18872
4300,1295
23292,3642
46725,10982
8721,14921
3741,315
45744,13035
12017,10587
2669,32541
7788,1589
46781,12607
53389,5421
40085,33331
6970,11634
14286,35076
19869,4225
22515,21451
38884,29650
3149,35572
344,24434
28188,31254
46896,27223
18722,22114
22402,5483
35811,13174
16020,2722
31955,7860
34644,90
6062,18083
24100,11792
45897,18801
25774,21568
11507,8281
16638,19330
40448,10195
10735,989
12900,9855
3648,31293
335,15993
20883,14793
36454,16138
35235,3129
2570,7698
27383,28688
4221,15856
46519,29980
11612,29701
18572,21438
25394,29757
24571,5551
1454,10246
30966,30473
12555,1167
244,6046
8141,28260
16048,12498
71634,4127
29762,17214
60118,441
42636,5523
16809,17952
20358,22960
537,4039
18969,21351
27085,6135
5641,4132
25175,27185
7434,1335
24217,1068
4529,15085
9861,14634
8702,27805
35874,26868
2129,4245
63305,29705
42671,5753
24571,20565
240,68
1140,4952
18113,16119
31180,9565
31247,27912
1755,677
5810,10383
36877,128
11528,753
11596,1631
9141,16283
15237,1266
23736,22005
17426,6159
22198,5985
47433,10306
1410,6123
9066,3900
59686,4682
27411,118
55325,11122
44989,17736
2521,3053
21479,11222
6865,7329
18771,5432
4185,7325
8653,33560
320,28603
16166,28917
10903,10663
15000,7781
4658,16979
11235,3912
34823,15484
47130,1567
2492,18375
41509,20218
31948,10134
31134,15937
20578,649
23220,2161
23838,8686
12477,18434
14269,0
2415,13363
34942,4866
70965,1948
21584,27813
15152,28416
41383,15382
422,24347
35266,14178
45071,32451
44806,3680
6192,22910
2785,26087
26304,9879
3068,24793
35092,12625
1432,5724
9321,32875
38295,12356
21359,9772
18312,13058
27481,55
165,6468
47213,22895
1056,2213
26099,18923
35140,14221
17628,2105
15175,34334
14783,21259
17820,29286
12194,22242
29372,15661
41119,14285
7323,22021
31895,4573
15653,31312
28014,27028
3873,17672
14883,33221
27532,16468
9176,14666
14077,11899
7024,28262
27015,7486
13280,4923
9157,35566
5782,2329
22675,19992
33130,9911
54585,2431
23273,8861
7263,8667
16778,6751
8226,3079
16929,2701
11760,1649
38217,213
19211,20173
10965,21085
10411,16437
30304,31394
19288,20687
10554,6231
23146,1409
30491,18241
38568,5731
17580,4904
10445,19103
56257,7067
2478,8489
47492,26121
4107,29434
23635,9843
37800,4528
14121,1112
8083,26941
35221,15117
29832,5096
5533,2706
21982,3440
10015,962
8727,15564
8346,25203
52287,8261
27701,2090
26893,1463
50964,4016
9601,4093
4677,19354
3575,17737
5647,23800
20769,5970
8821,3813
48954,14431
11548,20095
43813,26890
17213,2183
25851,1772
36933,14792
35982,9015
11459,5711
46843,17478
35185,12469
34143,28032
4920,17277
3441,8927
26335,12276
17594,7995
22937,34101
13241,20457
58976,5737
63276,13629
42939,29254
8033,2198
10017,24041
31216,27895
6160,58
44117,31215
2057,3070
14960,12116
18643,7752
5788,8588
56067,5364
27266,29146
29700,31398
22502,14623
3499,4452
39805,21026
25392,21803
52413,20418
22663,9232
10206,10502
39352,9615
15034,6767
8641,20686
23859,6599
25551,23983
13391,2372
1888,17841
40212,5388
31823,21067
5762,15212
15129,10066
46033,3177
53,27313
2987,899
30278,21741
10256,19955
19186,2781
27293,7760
31085,17292
262,17194
6314,859
15285,25329
397,21181
11889,14591
36363,21454
39292,1960
20537,11854
60347,5609
17623,22693
56045,7716
5996,18222
7320,4867
32701,7267
4095,15432
34113,24573
16138,6
30284,21339
41134,4335
35333,25796
16477,542
1022,33406
34769,30279
21361,29579
25758,5500
19669,23647
12009,13133
26533,174
26534,797
37288,2316
28450,7874
17711,23475
29445,34266
53064,3552
60834,27659
38155,4653
15704,26824
48072,3464
22844,30653
40930,25538
18350,3288
41421,29822
33654,12686
14659,9558
59122,24744
1640,9653
9473,4346
7866,7483
34151,9847
51339,5886
62103,177
3813,1
24189,18914
9862,8221
10420,18071
30463,21781
6783,31961
17131,14924
15020,20067
19486,18001
36332,15444
11067,26604
12360,13855
39786,22168
20840,26985
20715,27349
12399,13397
10664,2157
3399,21496
25973,3365
35633,7754
9826,21977
23978,27619
66886,3983
21643,7429
8758,15076
9351,23291
15102,30773
56955,1269
69204,2997
20328,26454
62205,27976
17884,2964
15024,6778
61613,2004
19645,22392
9355,30292
11278,23827
18904,5699
25413,207
16517,8954
73417,24323
14951,7980
4706,17616
5390,27918
37046,5369
28937,22698
6215,24352
29732,1590
60066,18028
24942,1305
47639,2508
18210,14627
58712,1849
25076,30494
2471,12143
11061,17019
5405,19155
8179,32429
35977,126
8482,21840
38554,4587
57277,28528
19750,12334
6483,8535
21302,20974
20237,12065
1446,6208
5430,31642
787,22712
30292,4006
13126,21022
28400,14455
5673,11570
3747,7464
62772,16343
37301,5234
4349,4112
10649,19614
2338,14464
48242,11553
48944,4706
73100,30013
14309,10973
12067,20860
3369,5454
3585,3711
21717,30697
16285,13657
24887,25736
12446,7187
21220,793
1366,17276
56757,3047
39915,6373
3426,23908
24302,13795
32574,17139
12547,12710
47483,21968
30860,20874
26994,9721
2189,2910
35279,5416
1275,17115
44469,21607
2546,35519
8034,19045
17299,8294
52224,31725
467,9966
23535,9417
13639,20688
15388,5699
25969,30971
25538,17828
32547,4411
25884,31618
48178,14173
32288,15220
19452,2961
17420,2796
12267,25636
13895,29743
6499,14919
463,18852
1368,17959
35873,24570
15967,3691
28314,9419
1177,18832
14272,463
23764,10507
66884,21819
15678,7927
51180,64
6930,7673
6655,27713
27975,12891
3193,25157
14348,17091
2102,7875
35497,20564
7548,601
17193,16227
17689,18177
5222,26294
27625,10278
16553,816
10627,2554
6377,21636
30886,20954
326,16352
20887,10434
9163,4916
8691,21662
16320,7859
10077,14512
13285,8415
36185,7933
9343,21871
38711,34889
10871,16519
9339,11685
24706,830
7334,4767
7300,5283
24418,27882
18238,4375
22488,9477
52112,2261
94,5245
46531,27056
2710,5372
54360,23202
4065,13018
4593,22124
40865,4789
24766,1096
33237,18243
6441,18125
9409,5595
44003,5818
840,23515
55200,6284
12054,8193
228,12690
68436,15541
10844,4929
5306,4565
31903,21334
29262,19947
24974,3765
7226,14830
69812,1102
23015,2055
8864,4148
5457,25325
11525,21057
836,2570
27528,3372
7087,22657
9864,33310
66700,14302
32454,20263
5561,24809
46203,12722
13683,15087
32856,10154
15890,3855
30036,29362
2654,23535
6910,1941
20356,2750
5901,18029
11222,4246
8984,18418
21681,12392
44480,10070
27500,34064
42173,1800
38396,22580
45233,12649
331,18738
2315,15613
1137,20170
13240,7182
15197,7650
44993,3025
18297,14366
40816,6217
6867,3987
33552,3187
10196,214
14299,3104
14479,30033
15803,8392
11620,110
63795,10848
19094,8414
19266,35831
921,35005
48402,15661
28718,13712
4854,4282
25575,4800
27752,6878
27872,16830
72,1417
10653,948
18152,27712
17309,16376
4341,782
58780,11784
1408,4010
248,6919
18656,12665
57936,19820
22084,5624
62176,6164
29126,10185
20759,13309
19108,11005
6587,20168
16554,5987
23209,20330
23981,6939
43232,647
20926,17127
45013,19784
20748,30860
54466,12328
17430,12742
6918,5471
49943,2174
26750,6630
6746,141
21812,24697
1407,9266
20484,462
23800,1654
5175,23508
13106,105
33831,10430
13852,10677
2989,28440
34526,35787
16127,10355
39910,1373
16012,17185
32065,7721
42078,14900
30282,8217
7519,3506
18013,1723
993,24014
22848,11381
23729,3828
50424,192
28023,35388
32732,3251
58321,4579
23051,5696
2332,9108
50719,18839
46831,5522
40918,284
18685,20685
15736,6382
40323,12838
48830,19229
22119,2855
33887,32316
43067,12443
14662,21587
6849,14656
6352,6493
11153,8693
31372,1344
42786,3001
75685,4451
153,16911
34653,7769
15227,2465
4973,21747
6687,21146
34018,9678
5220,2026
23190,382
10231,4934
22161,3356
12404,25357
2811,1210
41061,1193
29129,24204
9412,3351
1539,3163
16113,10383
15445,939
12505,28590
26098,13096
71053,9381
32048,17810
7697,5341
5723,31467
47333,13218
804,15291
13093,31986
42538,17109
3230,556
28749,10899
5139,21022
15908,12705
7954,8971
7120,7808
2148,4094
33191,17215
70894,19201
15167,27919
22634,11680
39439,11373
2165,16611
7946,17600
65764,241
16082,21614
12443,23835
20462,376
5849,22331
32971,30246
26799,12080
28753,17597
21048,22964
55368,4544
52427,32501
5709,22216
20370,13630
4084,3522
3859,7382
23502,619
3991,33858
739,71
3232,6770
24447,15908
207,29333
41998,9872
33119,7275
27822,9198
56568,12881
49478,32613
2346,19482
38962,300
23948,2092
60896,5943
11111,30955
19639,1069
149,22393
6907,26931
2988,14980
8870,31541
1427,22410
46049,5093
4445,13510
44647,20826
43794,3184
45534,26387
28448,16408
24117,30955
13014,2180
39619,12007
69998,25757
8960,28777
7281,24463
40389,28261
57576,34439
1475,9732
20230,21353
63272,24106
32684,18649
7952,5549
53146,27874
34894,7222
28420,4989
8917,25059
48430,4705
11144,13980
15605,17364
1601,25070
28863,16407
48512,16167
31278,3612
2489,6958
11589,2680
13527,9840
1171,1878
15089,169
1184,13021
42385,13182
10776,8517
31729,10132
14064,982
18119,32310
10439,31773
2455,1422
23721,22353
8312,4492
18210,14627
54078,22867
38115,3300
24558,23212
20794,566
15363,26213
41379,16669
1007,6019
7325,13775
5067,1732
11776,16119
33171,4472
61450,9361
47596,29759
8314,2011
9932,216
30198,12359
19243,15353
15146,18679
16478,6301
40956,2379
7544,19839
37095,15859
30566,35412
38198,5459
3710,25921
62006,7521
44602,5826
11851,32052
15405,19503
16302,10924
47299,32999
21941,2791
3375,6247
12560,2363
5129,4809
31150,7317
27694,20768
31031,25811
24622,24953
78135,21969
42582,30323
64805,12975
16562,5920
12486,17184
10903,10663
40146,27197
5600,25117
35078,18529
29239,4609
11714,33227
51351,1688
1401,2477
2262,13017
10432,21205
4220,33494
1934,20891
6427,16363
6825,863
44198,7809
5105,128
43839,5218
38839,22360
29630,69
19117,4414
6114,15591
31442,13333
2443,8157
15676,4868
39251,40
3200,8448
12089,27370
36977,2330
27643,2023
21354,6296
13722,35848
32002,27465
33830,499
4099,7249
3682,814
20373,1916
16689,19328
9575,17018
9013,27033
37748,28320
12443,23835
7400,25086
56045,7716
19851,2151
12602,3004
32930,547
9542,32091
50116,11724
48482,21237
38665,34601
10254,31759
15181,27167
9360,12343
20058,29863
26703,31593
62222,2170
18504,543
12564,29130
9550,18394
1581,31877
53362,903
55726,29879
9384,3322
13707,8285
19982,18234
24409,25710
9737,13122
184,21756
47289,24683
16818,28377
44317,17754
36830,15341
1038,11469
7362,4803
9971,5427
44049,4532
9464,9198
7765,12215
18821,29749
9213,2798
5945,1431
34423,27225
32513,21785
30820,2432
9538,2538
19664,22992
15978,33297
6637,18456
798,16976
35787,17467
33569,420
36696,7426
6260,32052
13333,23457
60443,17600
279,25691
2245,14830
14396,1118
35181,14685
47360,8693
11971,1246
4635,446
12540,1206
33768,21624
22645,5148
14359,21607
47342,10498
20947,23513
16544,4088
25664,14806
23901,1216
14349,606
28505,35909
17401,26996
5281,21243
24702,7950
17025,9369
36564,22046
18791,16256
17982,1048
21080,2856
20039,948
42634,7407
44459,19689
26623,20399
7342,33170
3031,4795
38522,9253
17506,14571
9681,28507
31929,8256
2091,17499
5414,5563
4108,55
16557,22315
13657,931
1101,2003
5707,19835
14392,646
6271,14145
3998,3892
25839,3549
12403,885
11864,10126
18063,35235
1469,8873
33932,9143
5515,30035
36985,18722
77355,16320
38923,13588
25521,34825
47462,23971
7963,4547
26926,33539
11843,28562
30170,7134
27066,9062
27582,10559
15194,2371
47142,25936
31472,33092
41826,4042
40488,3451
11935,29197
4290,3268
23491,662
27721,22855
27245,2
17100,6307
37445,253
49137,26261
10051,23752
35777,27497
6195,5683
37145,28578
2945,2894
29831,29173
2852,12175
21714,1135
53688,22635
16845,18320
5340,7101
305,3102
13333,23457
51513,102
42773,15572
16420,15783
29049,520
3238,9164
6746,141
11804,11499
68899,15663
474,11193
31926,8786
72989,3732
4392,7458
26337,14912
53741,869
67576,18082
25031,15476
95,12276
18651,10044
57431,10914
29143,31591
11102,19140
4450,12230
44732,9801
60898,23492
23058,30222
3896,3079
7817,23933
7539,3859
3530,21683
30599,12160
2900,27012
27946,18020
3785,28454
8555,12028
64641,32687
1778,18968
18237,18860
18488,6923
2494,13880
28912,4955
1196,1350
4224,8968
14285,12889
38402,19417
21759,12791
25078,26116
31693,2841
22795,4746
3386,16482
20645,14705
33885,35358
35106,18339
17567,8821
23606,16103
32488,35280
29444,17205
2165,16611
29208,10113
1769,32592
2343,18398
18484,2244
50348,6923
18480,17728
41978,14027
40803,128
45318,26214
30653,7881
37109,16751
14334,1509
14307,17921
34135,1032
14968,25223
10161,4261
2767,3195
39006,19415
54804,7403
1594,6128
12062,2199
9559,16253
4980,2364
63495,2653
2890,3011
43832,12939
18735,3018
20887,10434
27603,4404
1883,32792
6346,6205
13621,15709
18937,12098
2252,4942
45450,13316
20642,16636
49770,1574
23954,8114
23398,14418
14917,30244
22799,30241
50438,22762
2299,16660
14254,26169
57608,17431
38010,11148
13156,1665
45940,21928
53641,14110
30228,22979
43473,5501
72422,26049
2094,11395
17237,9710
75903,13738
18894,10143
7235,27073
17426,6159
15738,27530
4757,27507
16956,21867
5285,20115
4254,34742
59020,16039
49157,6418
49880,26072
4712,6678
48570,3666
4590,7129
31213,29962
53273,709
17033,5074
47659,13004
3795,10941
21798,25806
13429,11795
21181,17261
5976,7279
10876,778
16332,1265
50467,1626
10986,9317
6328,30815
26361,33139
17124,24781
13225,13949
7112,12070
48891,925
48231,25133
7237,32136
56067,5364
10776,8517
20019,18781
54036,17038
8727,15564
8723,56
22178,5367
1183,29685
22443,1191
16496,1741
28753,17597
37822,30574
2196,18960
5449,29294
25490,21728
4205,28502
23677,13875
66522,5315
50016,3548
23630,7886
3448,9244
34531,14324
7409,19554
14161,14414
31601,4025
28528,7402
14283,20616
10406,11644
17337,9264
17955,23618
6641,5233
271,20796
17102,7567
12123,5796
17492,17081
17420,1421
9982,17047
3280,12959
1905,9660
1417,34554
16213,19126
1767,28092
6237,18874
42561,9917
7660,20646
6014,11490
18886,13290
6224,14067
38597,27871
22595,6499
25523,31695
12264,3844
13893,23617
47348,32778
66060,2282
13284,8073
50946,36439
11535,14225
50798,14313
8343,19815
5005,24774
18555,8710
23518,32005
17079,3064
11056,23160
22168,12083
751,26250
16185,7785
20395,3193
26025,10672
4202,6426
16451,26273
29677,19046
11486,13413
32149,2103
503,23788
8071,8875
13858,24087
30283,20700
54043,29729
21427,2116
22609,579
70,17517
30577,3379
10959,7700
9123,13379
58052,3213
340,21201
22425,12979
34131,4025
12465,8663
54069,16324
22339,15251
9595,11102
4868,9792
12816,1493
14555,7966
1815,2504
3742,14565
8178,34193
14523,18427
13009,3172
19663,26989
30947,27590
7909,10088
16850,28469
1539,3163
44321,417
64053,16929
41132,22007
26988,8153
38578,19783
56883,9182
40785,8438
48693,22832
9708,7182
3100,11739
32537,4582
57279,1107
59080,12992
20235,26667
41873,20169
26476,28276
2969,2535
29115,32680
66277,9511
28502,20454
29806,13538
18313,2591
34490,2240
31331,13516
2721,8537
5190,23806
30830,8536
30336,17729
7131,24852
1307,32777
30655,32705
11452,6218
49396,939
47860,19129
22039,15360
37428,608
24439,24241
5254,20888
9071,1287
3821,3448
43691,17441
14905,4615
11622,3278
15197,7650
21548,2190
30389,23311
44561,10830
45171,11595
28230,5711
42628,15338
28032,15372
4814,245
6072,5599
62530,23422
16337,15649
9930,15068
1073,7476
55288,19931
12286,36200
19562,30724
11773,22005
10209,4803
17829,21662
33378,31118
65035,654
8135,14924
15307,5983
7567,10528
44219,31102
44572,14988
54501,5623
24124,3399
2704,226
814,216
28912,4955
498,4369
7208,20643
13669,182
166,22053
1381,2783
48935,22428
37913,28717
3344,4077
42022,20000
36545,1786
16596,30132
28597,9890
7447,35295
2284,3471
6253,11833
16529,3191
48786,9164
58046,6411
29333,31940
42480,7922
34719,26523
25135,28161
34214,25058
13457,14370
16268,6546
24719,22530
30957,35569
11989,6189
80,27782
8743,2634
13059,24051
21304,33665
1459,26358
60584,9665
5989,25253
2225,14030
22714,8225
7835,22971
41358,10638
46985,24671
21717,30697
35012,25111
25108,29949
13645,7829
14805,2390
8247,5176
32417,9727
7211,2935
50970,14391
22451,5940
25170,15174
21750,18235
55999,22346
28265,26669
44319,2271
59370,16700
15770,3691
25920,27982
13501,16579
8079,247
24059,17281
13364,1049
15041,11578
3362,13309
30998,34429
6207,4973
5006,5714
42462,2759
1836,20548
3089,9538
33612,13718
32732,3251
17819,3254
3559,18932
1380,7909
32331,2638
4564,25015
39884,33075
4171,32338
9122,19117
45817,9995
48558,6191
20186,26930
1075,30738
28947,5529
25047,14775
18749,12101
29850,26799
43435,27369
37564,11941
10332,2353
16462,1420
19927,3757
31033,12000
32065,7721
25797,3021
19062,3513
33458,24914
3125,2022
64357,17080
62496,20950
43028,102
56,14131
23667,25753
21831,14937
11700,8409
59729,118
21226,5690
48620,13337
9470,17455
36603,10283
42352,5415
39770,25756
37577,4088
20112,25824
12434,24923
32004,3732
812,18566
13563,1445
8936,1894
16738,100
44075,7525
8932,29344
44025,16487
33263,27633
23747,2739
23847,9974
69546,15935
12804,25240
32442,2217
2852,12175
2750,12247
12804,25240
11312,9621
71170,4413
33745,2200
1733,19635
25090,6842
11434,12574
21247,15815
12367,10918
53810,11834
6472,8465
6941,16107
24700,5888
14650,6650
35217,19600
10402,2411
2501,20266
2988,14980
9522,11331
58425,23836
2477,9489
35742,8699
72510,25979
14340,32353
3346,31506
12375,12718
10102,25712
6048,7148
33852,21272
5786,16092
14269,0
13733,473
43273,33336
8194,8065
14441,4485
9293,558
35978,30445
51182,19618
24149,13814
10093,24872
59698,19371
18360,14380
24555,26261
34352,28265
16082,21614
6410,968
15581,20174
41128,202
20834,2006
34567,18355
7631,9391
73,1209
530,14531
32731,28109
4460,33971
15498,5977
7180,35341
12537,11613
7062,6832
45273,18745
1537,9649
9968,1234
11259,12450
31507,5511
1929,4999
16293,10579
21750,32266
47670,32206
2019,17694
10245,26090
36103,28774
135,3681
32691,3706
1395,5951
30090,8978
31030,5066
19711,23695
16989,16330
45402,23924
40383,16176
66584,25504
3156,257
16945,17912
17544,7267
14996,3013
17645,33697
39964,844
40679,5065
5066,29325
48765,23432
885,10579
25885,23262
54857,18436
18595,4106
36754,21107
27751,10669
3622,5020
14619,26028
47832,4880
15231,29787
11552,2824
38362,7194
3237,14099
34485,1008
29877,1234
18377,13008
18090,11048
13527,9840
16714,15656
24796,23639
18019,10127
16610,7824
30091,1222
2261,14213
24368,12839
5579,61
47072,34370
61565,18084
34978,15224
40745,16213
15780,15529
19733,14994
4630,4144
18307,601
39146,10212
1047,10017
31740,10475
28124,6434
19934,24429
3310,8833
1359,14503
74960,7887
41417,2314
2471,12143
6688,26913
17183,12558
37497,23586
22847,16049
16777,285
23092,9433
6248,18884
50172,9106
6643,1980
1955,6245
7968,18045
34633,5826
3891,2731
10175,25276
26477,23900
39616,513
29719,32511
36691,10778
1141,29406
3110,14363
8403,29767
329,12848
31056,4985
12296,1623
9284,29604
8981,8409
13405,2469
42084,25732
23284,26080
9376,17127
23759,20794
11607,22151
28155,9594
31723,11741
54,25179
13919,5334
24121,19947
42495,15605
37551,25974
5908,20320
15678,7927
74975,17699
33625,9670
17368,2779
5510,2630
8496,1416
5432,27903
10817,13520
24308,6185
260,24219
41719,2816
24645,7021
8218,3888
20761,23507
4671,3241
26169,30072
66666,13082
33797,26742
6292,10626
19180,13477
22568,2920
1242,12757
70520,9793
15522,5069
20079,6472
13686,6051
51633,14021
22591,4859
54057,15623
57579,31288
22226,24607
6312,32190
49091,1394
3655,10411
63626,1569
64094,23896
14440,13897
3268,10311
16536,4620
3783,12198
14490,30719
23285,13633
4389,5406
17570,20791
24069,20888
37237,9673
63053,6478
20750,11151
35340,8195
58007,25371
13038,1506
39437,8277
474,3415
51389,159
28408,1567
8778,9075
30978,16731
34158,26994
10849,32628
4406,20847
14226,11846
28267,2966
18957,13416
5174,21105
4378,17384
9329,1819
47972,27598
23772,22599
26882,1716
20620,9324
41012,7137
5431,6453
3108,19058
42610,15800
40520,1702
53733,16019
769,14891
3556,18800
189,1854
10999,2654
29640,20236
24396,15426
20624,24499
8172,21120
47471,25581
45152,12072
25887,9069
55929,17114
56674,6305
38035,20266
18777,7457
13143,4166
2892,12387
43805,23614
1911,28939
36423,26698
38459,23017
8641,36072
48247,11901
11023,10386
23504,19412
2413,22381
30038,7624
38781,5440
34800,35529
19184,6743
13769,17040
32,15534
10377,663
436,7376
4274,28739
9834,21198
6278,10318
12110,34295
1383,10303
9050,339
26267,14427
683,9101
30462,34151
42076,28617
62991,2862
39453,18370
8764,32083
11830,16579
32003,5713
43080,6236
29123,850
7471,23537
69821,3452
12404,25357
12099,26667
14878,28684
50535,25722
21021,19660
3064,17444
10728,24947
27206,410
49486,8689
42652,16551
8362,1525
45145,23365
21194,13885
21826,19815
4729,18375
7371,32396
1178,33439
35757,22595
32404,12905
2020,16385
20306,13133
51580,22431
25544,3228
54537,10645
63291,26916
31696,15746
12864,19653
18878,13849
27890,35553
1164,26852
25881,805
37258,13580
28894,22213
52105,11219
36615,20463
980,6485
6746,141
10159,6555
14918,814
23223,2821
9671,10507
3776,20832
873,18419
7708,20137
43741,14807
14530,30212
2853,17587
4806,20750
19535,14462
15463,10501
1891,12621
9466,834
22529,7258
4037,20752
13406,11779
15709,21903
27797,6280
7119,31261
40836,1461
14095,25788
7233,31164
38464,9770
7734,7218
6400,28199
23455,6082
12376,4738
57542,5448
14668,16621
803,32744
9336,33894
53876,1460
8863,29744
5594,16867
11589,19867
18794,24829
34863,16437
19353,447
16584,31123
422,24347
5589,10942
23774,3663
1921,14847
24045,4871
624,9121
6620,3728
30980,22430
70394,3351
1427,22410
66030,25089
59722,3623
3411,16736
32502,4543
33860,22959
26895,8021
8113,8869
11949,2501
20590,27996
4082,3683
24972,6050
2916,1056
60298,28834
6506,27653
37677,12964
17640,5871
16132,28586
17961,19287
1556,18076
30630,6928
44913,12437
3964,910
3657,2339
12270,36226
12771,25041
23809,17311
3196,14447
22968,36445
65015,17175
3179,16779
63403,8283
24129,16274
3535,9262
9966,32223
55524,1806
1971,24625
18690,5728
29897,30183
5332,4461
3506,28007
48088,33463
46166,63
11139,3982
40253,1168
32242,1660
2601,15832
27189,1835
12664,27997
41358,10638
4666,8471
495,6826
14399,18735
15940,1064
20953,20509
43586,8716
14266,9632
35159,17832
8894,18601
17620,21732
8048,23438
63358,10607
59746,26330
3318,28232
18382,16407
27145,21113
64417,18439
2430,15018
5294,21765
4934,23990
17428,16301
31102,4353
17413,9034
31977,33851
44538,15372
12335,18102
26784,4465
6959,29791
30009,24633
2358,4061
3843,24163
15604,9127
22422,686
8861,6058
50198,2787
1333,8907
23928,12584
6882,21035
13040,8917
42012,1493
15320,5248
8847,16051
64780,23831
58253,16127
15454,14160
13884,18160
44600,8674
11602,4570
10286,13146
2868,2577
58139,8199
12057,18514
52182,13721
18400,27611
18423,26018
4980,2364
32104,26613
14134,32575
10894,12342
25122,11992
1402,27106
26019,19632
16522,15039
8904,4755
15712,15727
34729,9930
24775,3822
5157,25649
24491,22566
40754,8970
4157,5876
42378,14776
29218,23846
24564,8348
17622,26685
11182,1618
19969,33910
13546,5570
30064,16342
10558,12204
2882,15812
221,9751
7652,20258
27035,17985
6006,13558
3794,756
22738,22717
4215,27772
22978,8754
4661,24658
37578,6917
13043,3635
887,9260
54891,3793
35417,34749
2112,29906
33912,15339
38064,32820
40321,15471
25495,7346
15080,266
38570,30711
58372,28623
33852,21272
15227,2465
38647,4854
18,10700
39803,8871
28673,13413
8541,1807
22285,4350
11676,8397
26338,15519
39769,30186
2598,35981
7312,4921
43279,16131
24181,4959
30347,834
21861,6530
41542,9
7752,23166
13269,32946
6101,17297
22634,11680
14754,1656
20484,462
31780,3901
18401,885
2650,8499
52492,13746
25082,24529
13215,641
25879,671
18812,22890
373,561
38129,6009
29466,28081
55953,10585
24103,30892
5014,33464
7763,29150
8315,616
42976,26541
12717,17748
1872,13196
35535,16326
18130,28652
56890,13812
12769,16175
21043,6587
6350,3677
30342,9360
29311,4383
22271,606
12618,18090
11698,9588
11014,3193
10292,3724
675,22019
22250,24776
20332,4224
33237,18243
28098,7262
42217,21219
26747,25159
15550,12967
29986,1960
23066,17697
7992,2963
40839,41
9082,4465
35433,19401
8841,33330
18570,14272
11286,10516
49783,1831
38944,3752
12479,1449
43214,2130
7804,16600
12748,22575
3652,33565
28815,7220
70424,31615
7640,4658
4011,21
10507,13469
35224,14758
30554,25169
17735,17642
13434,26003
20101,5452
546,9298
18305,22443
32892,35354
25635,6426
19373,24674
5348,24004
47563,29887
66875,6553
47041,20569
20524,8729
41964,33040
20550,35908
10397,33817
24826,7954
40087,26549
15660,14143
4544,27979
49233,9301
55639,5483
4331,4073
13672,26141
60888,1484
19899,10658
14446,25650
51359,15873
18328,31438
25269,3055
6706,24180
8642,9381
1341,20593
9313,9732
34454,12209
32746,31169
12442,10656
33001,15399
26857,3381
23651,16497
55516,7355
40969,4547
44692,23956
30683,3792
19056,15719
42382,22385
23167,3602
9317,993
60524,15134
31120,17632
46959,17059
45676,15048
13735,29831
3586,238
42877,8352
6653,21222
7697,5341
25886,8608
59844,16253
31225,7474
3837,1249
60779,4403
53555,24792
38006,31463
7364,251
19907,2111
40803,11481
6738,21141
7560,11736
34661,8199
15609,21501
14809,15386
50319,2690
12192,21418
52269,33785
33109,29476
3612,561
8493,21452
12593,14250
19718,7662
41964,33040
8032,8335
7629,18250
10663,28998
1822,16632
989,9503
27784,36212
2771,25921
18625,4281
6386,29285
5306,4565
6492,24117
14117,32912
41424,13022
8733,29372
12168,15248
18097,1804
9270,9503
22180,23392
15451,17573
8617,8661
15945,19427
669,22254
31949,19268
16636,30471
8439,1818
36585,13336
2142,26782
15051,20658
47111,31349
8274,7676
2726,16208
26975,22478
62953,15992
39199,5882
16452,15944
6796,15297
11815,30226
5125,27857
1994,31150
7430,7986
26362,18419
31143,869
30434,6684
60995,25219
21779,10386
539,7068
23272,31132
43462,9998
20282,28786
8073,27433
11675,1165
22471,567
13543,8949
8549,10681
33098,31865
38011,24249
10816,12031
46731,19416
14443,8059
33709,3913
41706,13808
11610,21930
37977,17638
6585,26777
68518,7950
28340,29839
49227,21275
60515,14517
39,13119
8561,12835
14478,6263
31281,4158
3433,16642
46844,32104
1870,7100
21287,8886
17909,1247
23756,479
17371,24381
7785,15527
35327,32331
7656,27540
33176,16665
57932,30208
28633,21892
8125,2461
30214,23117
5166,3241
34353,17672
4708,25185
4506,1474
18841,9649
25748,8806
21665,1182
37017,3826
2383,3969
2423,14717
3561,2045
46703,14852
14912,857
31118,26746
43523,7326
22285,4350
21375,35013
16104,2703
39714,204
21267,12222
31347,34272
5651,836
3935,13256
7388,16202
26330,7436
11424,30450
7534,15556
28190,11336
19594,10410
36516,15849
6242,26971
8664,6652
7647,1241
31667,3637
27422,30959
8840,4
26118,21568
13124,30241
24851,22306
32785,11519
40220,13055
12635,27762
4596,18613
13001,19299
1602,4012
7626,7984
7397,20768
51714,8771
22716,12235
3748,18820
53902,6868
53024,431
25761,23132
27328,19046
12856,27891
843,22043
59767,27076
11555,17231
40225,22613
22066,23557
31646,14011
26365,2044
25650,30113
37103,26402
55617,28103
725,21593
63801,2121
16817,2084
23112,12502
61480,33843
44062,5336
37575,22081
42971,9019
54163,12864
11844,15798
20584,7659
52444,9558
835,10927
23886,28353
39949,20097
28049,1711
27944,2918
7299,2994
26172,729
46607,4440
10550,17302
8449,25419
21912,14145
19239,4942
11857,20140
33437,11400
3500,8401
53654,12895
31459,5657
707,25834
6653,21222
1294,17682
9829,16328
22209,8169
9490,30315
19017,30966
13756,2676
4387,15454
1639,1684
6441,18125
1369,4331
48351,5693
1613,16215
9563,4277
48939,31185
54860,32336
15108,3303
28016,3431
46477,1914
31725,30165
16983,16343
19854,8490
14133,31120
14129,2499
22704,25052
34482,11756
5939,3228
20845,5959
3164,6555
52965,5710
31399,24832
31885,27056
1187,19217
530,14531
55921,31421
736,5339
20906,6877
8541,1807
18975,6764
4007,9792
41958,34092
14489,26832
31482,1985
40338,13731
6445,480
35128,8519
46544,13937
46599,19806
70691,24532
21325,16449
3842,31868
27079,25658
26493,613
51573,24900
38084,27816
17252,24282
20388,16807
20899,13600
11610,21930
34569,4249
4002,6520
14999,6735
19227,2
11857,20140
29711,8331
66460,31193
62788,5489
12491,7816
13623,16887
3583,5799
41949,12389
536,2614
12037,29031
18248,6361
12450,3103
3826,19468
19946,17536
15623,5169
17292,2808
11314,8043
11669,9813
37769,28228
6563,4747
45038,17704
13199,3273
43693,7836
40959,5489
5262,7039
26610,29911
22650,12361
9561,3045
9878,31166
15929,10588
8949,16106
44636,31628
24068,20805
50326,11290
43378,1535
679,3158
34938,9186
10117,17772
16871,7007
53599,1481
18410,6470
9521,19326
7068,20953
8098,11560
16062,21160
28118,7151
5688,25703
11628,29661
11128,11524
35308,35730
7400,25086
39193,15340
9759,17333
10408,21293
24091,12355
5767,22075
24942,1305
43124,31575
1287,23142
35494,11100
19672,7737
2841,3748
26727,5655
15460,3069
11484,7731
15539,13757
212,21670
30628,6733
5164,33382
1657,15316
19504,392
40479,5372
36741,23335
10929,2894
22532,14576
4975,29080
3169,429
7675,2678
28475,29598
4091,23146
24685,29311
50314,28145
25877,28512
24320,14523
12211,14182
47469,16354
1027,3951
7094,5934
42453,1040
29244,2211
18862,28808
6975,9544
10951,11806
29457,335
35446,33298
38155,4653
13259,7346
19052,958
28195,3792
48815,11225
40546,2530
12094,27
7559,2009
19030,12020
23691,4654
30436,11100
482,21406
12163,11645
8841,33330
842,9182
46166,63
32481,31875
6071,1562
4135,505
2520,23047
11001,2683
