lhs,rhs
3714,589
360,1905
4404,913
0,1733
1573,144
1510,2147
4696,154
136,228
6033,1249
840,1858
25,156
4554,1778
3390,478
2270,1494
2158,389
2707,1835
4188,1234
5947,1939
2988,53
302,2062
5760,791
3185,1156
1550,927
3782,614
4226,324
1657,1198
4573,780
3372,894
1769,639
6299,387
648,815
1116,1600
4715,1824
3786,878
3243,1651
8,1161
1061,1343
190,247
1484,429
1839,1647
1488,48
3781,1866
1576,400
1820,328
2712,958
3721,1278
62,1250
3766,1537
1772,1932
5938,572
2083,1261
2072,1088
4177,927
4838,646
932,1167
5434,633
1074,813
20,164
860,565
3644,1510
5591,386
6224,858
3695,218
862,2179
1203,1029
2847,409
4919,196
3402,2257
2952,565
664,1861
90,908
987,2089
3223,201
6231,1913
524,1683
291,1715
1229,50
2513,1477
63,890
5443,848
1239,2218
1849,1039
185,1547
2829,1705
282,1994
105,1622
2269,1165
1613,2074
5539,1698
314,2023
2966,2157
168,1446
2431,1149
5636,1807
3489,1068
1511,1266
3223,1921
1225,318
3798,1936
2849,2090
2343,1350
462,1545
780,2065
570,2006
1896,1017
3,929
2771,1713
5895,877
3888,1298
6641,1150
1067,1582
725,1204
2147,395
825,1200
162,758
262,1001
1813,1717
2111,2198
311,901
1789,764
2062,958
1045,2023
5949,723
583,1164
3483,91
46,52
2728,904
1217,1922
1522,1844
358,2252
6608,888
3299,1591
744,287
2785,943
103,1997
5860,1621
3200,1577
4858,2212
1828,1383
1118,1229
2862,500
1952,1656
2422,692
5417,2040
328,1165
1638,1129
529,1632
0,693
3076,1897
1196,1846
2544,943
2839,235
2449,1439
5514,2035
6280,304
4624,1698
4064,1504
1165,651
2161,1975
388,2249
3011,1191
1752,921
2231,1399
3566,825
3170,682
4565,624
2221,1438
1920,346
4365,2160
6351,845
4523,274
541,270
5199,733
3631,1345
3058,193
1482,1497
91,891
112,1023
1636,207
5596,2226
4323,646
462,1396
5464,700
1907,2128
1132,1282
4770,2210
5149,2174
1273,1347
2189,62
2443,604
255,431
754,1555
802,1579
3256,475
6593,1421
3511,1279
4533,1176
4824,363
650,866
81,2206
3578,289
4058,1055
4177,329
4159,1820
5733,1813
4232,2227
226,1070
29,681
3627,560
1508,777
1689,2078
6095,1878
3393,1136
1605,801
109,586
91,109
6232,1686
317,1443
2481,635
4629,1831
7,1682
5074,207
585,380
5008,354
1851,1976
1027,1524
4937,916
5329,509
311,970
4015,1067
2657,884
4614,30
547,1858
23,890
3975,818
1843,24
3098,1909
855,2000
581,1720
1284,0
1777,1720
270,1086
1725,970
2745,727
6745,282
245,1773
1457,1394
5829,1918
459,947
2503,1429
132,1698
17,206
3339,1457
877,283
2455,2101
1618,1498
5499,2195
306,560
3388,223
5503,471
538,1098
1565,2203
24,1639
1480,2124
64,1736
1570,1340
1283,2223
5231,455
2542,111
1898,49
2576,1989
3550,676
4528,819
4003,2014
5740,270
4634,290
2815,508
5738,931
6260,933
1241,1240
357,1311
5589,1135
888,390
2020,1823
129,1656
4159,1424
4038,1699
1777,1921
6521,1571
55,257
18,843
284,439
1896,2077
5862,1889
2098,637
2,1946
472,1732
2504,1103
405,1714
1430,1029
1132,1022
1800,1509
85,426
5058,472
6600,1755
2915,886
2228,362
2636,1112
5672,1614
2997,1361
940,844
2759,35
6269,1091
1276,289
4353,1926
1324,2052
5277,1728
1347,642
507,819
344,595
39,603
2069,2252
7,610
25,1546
3454,2116
330,1081
1131,2109
6663,295
3021,769
1861,1706
381,28
1173,1316
253,1313
2843,2260
650,757
2353,1769
2502,1809
3405,2117
4682,1307
807,1125
20,266
3716,842
3085,167
661,1957
6175,655
5806,792
6137,1744
5407,625
2862,19
6531,1285
5694,1602
4750,498
1956,649
2061,1591
5767,1273
3949,2035
176,415
191,198
116,1764
1932,567
423,340
1901,1389
2002,1160
6024,1506
2026,358
2988,709
560,1524
757,721
2874,832
3,1120
843,1336
5102,941
2961,905
5345,1505
2475,286
6615,9
687,1213
196,317
387,19
1176,237
1054,435
403,1262
384,451
2773,1349
3360,1868
1267,449
320,225
1476,1177
100,1642
2381,2016
4220,194
1329,11
1618,446
6633,2243
2877,1241
2435,2153
860,1374
5118,2170
5991,815
791,1651
1228,765
502,545
4,475
68,407
4212,1310
1411,948
171,1564
1430,452
728,1117
6391,2161
4489,1710
1137,1478
4697,946
107,540
5040,464
4919,54
1431,105
510,653
2690,2142
5042,98
3784,2219
877,368
2333,2199
2231,468
5541,2151
3595,1998
2276,338
2067,1045
54,1452
31,102
4544,545
5782,2216
1129,948
6419,268
4642,2064
801,18
2195,2064
2915,595
3781,43
11,646
544,910
872,118
3298,193
3863,1692
1880,181
4971,1024
2645,155
2960,1852
3691,452
4219,1081
77,1280
933,574
1631,2249
5925,1574
281,891
6399,1906
31,1943
4560,986
5768,893
878,1421
3499,830
187,1080
5582,1829
490,2006
1791,1993
4997,624
5702,1342
768,2146
2239,1891
1383,1260
6116,1796
24,1833
380,680
2,1143
4396,949
5122,95
25,2090
5353,777
4729,842
5486,1142
6716,1663
4082,495
248,780
1855,1306
4638,2180
1419,446
1700,2
3832,22
137,422
1584,374
266,1047
720,450
1353,2234
3,626
135,114
6617,475
5555,1098
5549,195
1632,222
6005,1023
2158,1371
379,1095
3339,1707
801,1032
5178,2167
366,11
499,2253
2487,1857
836,1924
3763,798
919,829
2418,1053
3574,213
2726,1486
2846,978
171,1729
356,574
799,695
382,857
1034,51
1117,2260
103,120
2309,203
4462,621
80,1352
6453,2190
624,235
4,90
5104,1278
3381,1140
698,1908
1236,1928
6421,1101
271,2189
2635,1394
1045,953
3363,1231
5609,541
1957,1682
97,2023
2480,121
1276,2187
5,232
768,1647
6522,2243
455,330
1908,474
4035,1517
1866,1569
426,2186
173,134
79,1709
3798,74
1215,2040
1187,130
502,2117
4103,1022
8,857
2940,463
2451,989
365,1286
797,1131
5671,904
7,275
112,1294
5428,2115
3678,705
620,75
549,1156
750,621
6393,1230
1639,1424
4634,501
4535,1970
3323,997
699,1488
1621,380
6169,1833
2484,728
2106,1553
1322,1949
4676,1209
15,808
1847,412
4301,1121
230,1210
39,1841
1040,628
3810,1327
5156,1587
90,2076
17,1742
3945,1708
523,1523
2816,270
4017,1045
93,604
2268,1773
4558,2208
1650,1149
878,1099
278,311
6373,725
2332,1810
5768,410
6452,879
2518,929
104,1867
1601,1213
3752,1574
5853,4
4790,2185
2770,767
4472,562
943,1110
2924,961
1542,1678
121,215
0,1851
1774,1312
2914,687
5967,721
3167,75
956,1928
3202,47
1755,775
3796,178
1409,684
4191,1882
223,490
6480,822
4826,184
1825,2023
1506,383
2598,1418
2361,1071
3815,731
1918,121
1007,16
4000,1323
1427,101
269,209
61,725
3701,1663
4487,2223
548,57
3992,528
7,689
3762,538
729,1004
2611,453
939,2141
5188,1152
3201,1450
54,576
29,801
41,704
732,938
3436,924
3285,79
403,536
1484,1159
3047,872
2377,943
4898,1630
4391,1009
2445,186
5066,1556
1314,1872
5968,2253
689,1519
506,2183
2016,1036
519,1323
386,363
179,87
315,78
2410,2178
5327,474
6046,1788
3440,2017
1938,44
1188,1873
1010,1497
6679,336
4915,1077
1725,2199
4495,1256
4237,2241
3594,1077
635,1440
3435,1778
327,357
981,402
5104,2149
174,823
2804,643
2990,1264
5665,1154
4571,1054
184,1308
2930,877
1870,1180
65,1174
4158,119
1444,1353
94,1373
4287,1764
1751,2066
799,1608
1610,1614
2438,1031
262,1314
6751,1886
3353,2102
167,427
318,865
28,558
898,167
769,476
6210,1848
180,2189
5920,263
3459,19
6002,266
1992,1009
1254,1285
2854,1939
3607,724
4274,589
897,1895
3744,1971
1678,960
1887,106
4369,437
896,331
2061,850
961,1962
5731,2125
144,197
4358,745
2045,589
1850,686
1724,2213
500,2236
4491,1031
5934,20
1388,1550
6028,64
2204,1391
3585,686
6182,2171
3541,2036
977,771
4125,587
3224,2109
553,347
5413,2080
325,81
2573,1941
15,1245
2704,1876
4260,1171
1028,1588
271,2100
2454,1617
652,1551
6560,919
5434,776
1434,20
3992,1273
4731,1730
422,481
231,324
3075,1817
1698,1056
1,87
3524,1403
6058,819
805,159
544,596
687,304
1932,463
1365,1034
178,848
4085,1772
921,1089
3037,1647
2627,1966
2998,1884
5027,376
462,606
3394,778
1817,2185
6732,1364
1517,1948
21,1536
2369,408
4149,768
2257,1172
220,515
5682,615
1550,1829
128,874
4484,748
5742,217
1203,2238
1064,1912
2029,1503
374,1738
5339,1460
5731,1871
346,1454
1304,1350
1121,618
650,1183
1670,1534
5144,2131
1094,1667
215,1356
6209,2171
913,1974
5,27
1060,1710
1182,429
514,1360
3402,322
118,19
1102,845
5086,1027
4791,386
653,1018
222,1090
856,1925
848,972
5983,1907
4105,1690
3897,1995
3701,369
138,1842
6528,1995
334,1290
211,2020
2619,211
1401,1302
6737,1790
4968,97
4161,1995
3774,2168
6588,1062
225,1536
2107,727
1139,741
270,2190
5003,973
4507,385
441,2024
3495,1714
1218,1326
1068,450
3797,511
1916,1263
210,167
413,1541
5095,1812
6480,327
6462,896
625,875
241,1479
1876,255
287,190
45,52
2991,2140
5009,1295
47,225
6539,1618
376,1964
2058,1468
171,2255
5778,1845
2531,284
1462,742
1008,509
2235,484
4931,308
359,482
433,1309
6385,652
3555,828
417,1416
1922,1442
6726,1189
5927,331
1389,376
4642,1911
897,1394
1146,1114
1243,2198
1465,1194
798,1974
2769,1500
321,284
2953,767
3618,306
3406,538
688,759
182,957
555,990
3783,370
688,809
5199,707
5618,184
4796,785
2044,2075
45,2259
301,1026
698,1993
5258,1221
1618,1828
1131,1718
2685,965
611,233
3239,2195
0,1371
162,762
285,1262
1068,2188
466,701
615,1807
2293,1890
5659,1150
789,1012
78,1042
1672,1267
2083,1773
3729,1676
6205,128
630,1681
822,415
4165,342
148,1377
5008,1251
639,1086
119,987
976,1150
3090,763
1134,1066
863,1734
3614,940
5671,962
6229,904
1191,1965
4164,1088
3733,78
2011,1665
6187,411
365,1953
5381,1675
3144,285
767,2066
637,387
3123,1788
4069,238
1272,1556
1352,950
63,53
1901,126
268,2233
1288,1390
3383,2111
692,1528
214,1075
1190,1991
5995,1455
4224,1035
533,1422
961,555
1913,1515
1068,1853
70,1958
4017,1902
11,1733
75,1351
1882,2205
4415,1459
3103,1786
2122,1731
3496,984
2496,1104
39,1728
6531,509
75,1085
608,194
865,79
2702,854
134,1914
6121,1445
4354,1515
4608,1108
205,1463
1093,2239
627,754
509,38
1568,1836
8,92
1383,1838
1127,113
4238,1792
3692,2080
2634,2049
93,1916
164,528
4498,247
1842,287
2021,570
981,670
38,1336
2565,1161
4506,783
1371,2017
248,2082
1898,705
4458,282
5081,529
5308,975
282,1238
727,522
4766,1683
3339,1661
14,1199
3387,438
1055,1906
83,1190
1666,1093
1349,1931
6063,298
25,1036
1121,2207
1057,1609
5545,948
126,786
244,1478
1773,1021
4656,1672
4589,68
2672,178
1074,1976
5584,1815
1149,1388
1483,1798
92,1574
1107,1477
4314,1872
1138,1549
4913,588
4564,1763
6331,1638
121,596
3144,1826
3819,2138
6266,650
260,423
3947,1576
151,1498
4664,336
3885,967
3209,86
2239,751
3444,479
4746,856
4583,1655
1916,388
13,1154
1189,1667
482,1722
283,1405
4578,905
4304,22
42,1899
396,104
5056,1729
4852,2051
1056,1724
4342,1001
4105,361
3949,276
745,2111
6682,1913
1586,791
136,2091
2914,2028
4719,177
4318,827
5520,1697
571,2236
1219,1753
6433,751
4728,1671
1989,1665
6183,1868
2,121
3485,826
1018,1585
4214,108
1318,351
5670,2161
1464,1762
2495,718
4482,1229
5865,1173
4193,91
1758,1393
1504,536
647,1619
2076,310
34,1207
2532,1613
923,2234
5455,545
595,421
2741,767
6501,2148
2474,1579
6004,1081
91,1375
5092,1720
561,563
5208,494
251,576
799,31
154,1141
6637,122
5723,1370
1511,958
313,1034
3709,1351
5868,2174
272,2037
5427,2145
376,1327
4220,325
1390,1159
1411,940
760,1717
4576,1141
4422,1977
23,1043
49,963
1,1093
3832,616
75,872
7,38
139,1045
5988,1573
2698,1415
5768,1804
323,1412
5296,1952
0,1071
5431,2255
4369,1990
468,1569
5890,1925
3653,2243
25,2080
1162,2221
6354,1380
1043,2244
1102,269
3663,2237
125,472
1036,248
4738,715
2460,1939
3325,580
58,329
132,1773
6703,2117
3553,1668
3397,1582
0,60
363,747
1942,1569
5725,1345
2551,322
99,732
4728,161
4144,1143
1350,1595
3856,713
6671,27
3325,2003
4414,1519
4053,74
284,497
473,1462
4043,1941
1139,1254
284,1133
794,1881
186,175
4184,133
2365,773
572,212
6039,1421
5360,797
231,1264
2850,1120
207,2232
4219,1163
1267,1467
6481,1869
1712,20
680,1191
5923,1057
2855,642
6000,851
5332,572
3845,485
2482,178
6425,177
6034,672
1768,1588
6684,1400
819,1575
1054,2138
290,2047
56,2133
914,1394
4594,630
1294,1578
1725,98
1837,1627
2106,452
516,2018
6712,938
634,663
5369,1787
237,1526
1706,2203
5209,1702
1870,1719
5924,1608
3725,2070
5900,2049
3264,177
201,1780
4092,1272
1300,949
3657,1565
1003,1976
2472,2060
46,1376
3744,926
5921,1074
80,91
5205,442
4,1919
12,109
3,858
5624,1685
445,7
34,1870
5985,274
1097,2059
5549,603
209,215
1,1587
414,2249
4453,1642
1428,1999
3665,471
2711,2050
6253,1100
4286,523
3807,1651
5294,1836
1515,1295
4027,368
1118,1481
1179,1469
6001,223
5881,1320
3457,518
0,1637
2172,1962
1532,12
2695,4
215,99
2142,1018
1146,2141
4276,710
3669,1641
2875,793
6069,637
1261,1605
579,2157
172,1315
935,2261
2417,643
2006,1457
1776,560
6238,360
247,1579
3616,978
2873,1057
4006,1087
48,2104
214,2162
6078,1428
636,347
1429,573
258,1855
1,1273
128,200
3014,1284
4293,2082
895,1574
867,1830
3381,1711
1667,2049
6401,1351
3056,408
5696,1395
894,921
660,1666
405,211
683,314
1155,53
2988,992
1381,816
4718,1241
1635,331
4934,2227
409,200
1680,1455
3807,1863
5191,1313
3060,1283
3437,254
2896,1559
1115,1131
2242,2195
2927,367
6614,1872
734,1141
2975,1342
783,447
3053,556
233,1310
35,948
31,415
6187,1732
129,174
48,617
3104,2137
10,978
5163,408
3164,2216
3877,888
88,928
5307,1114
327,2189
3779,1594
273,36
236,1115
106,375
910,701
1062,759
3400,1887
2342,1402
787,455
5782,1021
2196,404
5136,931
6178,1232
253,570
31,2098
79,635
3470,757
4834,1633
26,284
2099,1575
6646,1932
6077,673
1119,1525
2791,2076
822,2065
309,1161
162,71
225,1149
6067,93
507,2174
5720,308
2230,1776
5825,1527
2536,1258
15,140
2993,1532
108,180
1654,698
1,457
472,1530
698,1482
5326,1274
1609,265
5711,1686
2289,129
39,1107
4192,1002
1498,1041
5610,552
6224,2160
2987,2167
3827,1076
1675,1591
1744,1715
3954,584
279,790
4882,9
6070,1839
2464,1128
835,971
2684,412
362,1770
1276,1346
869,2085
4292,1884
66,413
537,1235
3209,12
2539,362
1123,486
462,1824
54,1020
925,1888
2740,2252
1556,586
451,358
6021,2252
43,1989
1007,220
1318,16
6161,688
1312,370
2752,1585
231,910
87,557
1584,1454
122,1872
3989,766
5749,817
2589,1341
340,325
358,2242
540,1152
4203,1863
551,654
3738,2082
468,2027
5818,918
233,334
3,1848
5036,1447
399,1012
776,1296
5489,1008
3435,1556
1171,852
3662,267
1618,207
3624,2092
5228,2190
90,178
1833,153
161,1163
1130,2190
4937,1282
609,1959
4000,300
653,1739
694,1604
2089,1040
1381,1041
5368,2095
870,988
45,768
2055,2141
4335,165
3215,1292
3370,2211
6134,2159
6557,961
7,582
1846,479
4066,1896
4774,892
4959,1014
1015,983
317,520
2109,526
3765,507
4187,39
273,584
1649,1731
2172,704
4466,1
5,952
751,1591
3730,2038
258,918
5255,878
6610,264
5435,736
3072,1253
5783,1359
22,1509
162,1007
4929,1466
2741,368
2957,1303
1599,2031
1792,732
0,1262
4047,665
4173,236
5477,1568
1420,585
1246,2256
4739,642
6241,1855
329,486
1091,1013
6559,2205
1200,2109
5585,1151
2834,1936
5765,1362
1756,446
4388,2205
1273,1960
3572,1300
4534,1780
1751,886
1644,1223
4115,1925
4439,515
5763,15
1071,1749
362,1627
462,137
6713,2039
2719,273
863,1978
514,977
410,1439
5895,297
670,635
1149,106
278,399
2760,2151
850,1085
4,1285
3797,2177
5254,957
1307,1883
1661,1985
1409,1642
6,300
4220,529
1310,176
175,883
162,1395
3612,672
3322,1517
1476,518
6556,974
2444,1983
5723,1892
2442,327
6208,132
3064,663
146,1225
2738,1260
2857,2229
1193,1531
61,760
114,703
615,195
5009,1004
173,1949
959,1058
834,276
1109,1819
272,1148
2220,726
56,2060
495,46
2370,1977
67,836
2428,270
3049,939
1647,692
5272,1291
4588,686
6118,215
302,1113
6514,998
18,1499
3616,1465
918,364
0,185
3018,1107
245,1200
4860,721
1318,694
0,2143
1429,2179
6224,737
3853,1081
4208,1829
5971,37
4,982
3072,31
3793,1771
3521,1922
1443,95
548,1089
932,1204
1,373
6020,1869
3588,1599
3973,470
6133,126
3226,237
3673,889
3165,68
242,1846
13,1556
4672,385
3169,232
2730,2157
124,829
0,14
945,2024
2322,1574
465,1782
1187,1873
123,2122
4405,37
801,545
374,1689
1791,452
2991,329
747,344
5342,709
4581,550
1234,1281
2374,1073
1318,1917
1914,2229
4865,1187
1030,1032
702,2231
875,1562
1143,575
2629,1874
1974,2095
169,2195
397,723
3853,290
3217,1039
463,535
2450,338
2671,1623
5648,1767
86,110
1448,607
4071,936
1236,1104
6669,1260
982,207
472,1493
2194,1072
759,1796
252,1660
3848,371
5629,497
4829,1656
70,1830
1559,296
2098,1723
3536,473
247,782
1653,1522
1120,2252
6027,495
5516,1798
2364,1676
291,524
1497,71
1005,381
4132,600
1101,271
2303,1621
4607,1027
515,2096
5550,1554
1853,1409
639,1802
2386,1627
850,369
11,174
693,1590
5597,828
99,299
420,179
491,1092
1619,1185
126,300
4651,1178
2443,621
1257,155
3108,2140
3543,1918
601,1702
1077,329
2163,692
1969,855
932,1530
421,1925
5430,1498
1924,2094
669,838
5972,1866
2236,662
4089,1962
4762,366
1727,1574
323,1567
4371,964
3263,216
945,1352
993,984
1229,107
6128,1417
5003,1644
3520,276
3249,1194
1143,2127
2346,600
259,1299
2660,1321
2146,1443
6223,923
859,21
2181,1169
1681,1549
2031,233
5213,1989
1432,912
1612,35
3898,891
6542,1263
4145,1287
1016,2189
1016,2175
3311,476
2818,969
2930,1947
2764,1662
4592,264
1293,1372
677,1097
5467,1094
5463,1457
3241,1889
2731,1955
1194,1503
704,1040
3260,673
4262,2082
1756,48
3726,1822
762,608
197,1987
903,453
504,2070
44,1857
6747,840
4906,2208
4808,848
373,1158
4773,1531
5805,1934
5544,986
6254,926
408,2255
6255,360
3243,22
6445,2052
1330,1573
1245,394
2701,292
6209,2069
164,1194
2094,36
1662,479
2064,174
5,1537
3441,1767
646,1390
2716,1379
5375,1160
2827,141
528,88
2464,2016
3219,313
6151,1173
2419,1235
1688,284
3520,1958
2188,1055
4204,1235
4336,1998
157,352
56,1830
5485,362
403,2252
698,51
383,1227
4793,726
2674,1664
6458,397
524,337
3267,1155
5120,269
5559,823
1077,1063
3813,1643
205,2215
1251,650
5675,71
3968,2222
2375,1271
1911,493
1186,1286
700,2157
177,218
75,414
70,771
6647,2244
3350,501
6226,402
1968,1446
410,1016
501,1608
51,1287
3402,1327
965,824
1011,1201
1728,1414
82,1722
5894,1034
1335,1245
3741,685
1564,120
1378,889
1504,1023
4752,901
3946,91
2724,2117
702,1089
6030,1117
1622,1230
5456,2090
2461,1943
1483,560
1053,1991
6209,523
449,273
4711,1987
613,256
2122,1530
5566,649
137,247
3678,1419
265,358
911,2147
68,1064
212,1743
8,357
3266,658
1028,702
6003,1447
6186,853
228,1044
4353,1032
3564,655
3500,1701
1213,837
400,886
4746,1385
442,1265
2141,967
234,167
6099,754
5145,426
4017,1576
466,97
472,1039
2034,502
2056,1973
508,1563
1126,1020
118,668
9,1744
656,536
2574,1129
23,594
3615,2086
2254,1106
947,2141
88,1312
3695,534
2990,478
2372,2161
4497,847
6728,1460
2473,697
129,1617
102,628
1299,705
300,1757
6052,1359
943,228
1986,642
3263,1408
6197,422
571,406
1884,838
63,914
59,1692
4950,1109
5199,1820
6237,516
5007,1451
4152,1862
4,538
85,973
462,1996
2367,952
6248,264
573,1884
6558,1454
172,1694
643,1769
6066,104
5878,786
715,865
4673,2224
4487,1536
351,1059
1626,2221
1411,689
2073,1260
2600,1366
696,850
372,1010
709,839
1452,654
467,741
4545,1207
1285,1813
6646,40
361,246
6665,2024
4786,1118
3452,698
4232,1794
359,1309
2215,1539
1569,2038
452,1726
2866,174
3683,1291
402,1909
109,766
501,1178
2095,1113
819,2091
2653,1669
432,1228
4821,2233
6216,977
1263,1379
3283,875
5176,1943
1156,2062
5471,1643
718,1394
5860,1661
3243,449
1777,1399
1005,1222
6033,858
376,1377
627,206
2649,849
1205,1758
5258,730
2668,698
1725,1181
4585,281
3794,1743
510,963
4260,2090
31,1762
4380,1769
1199,251
580,1550
5556,2228
263,2166
606,686
1292,738
6400,613
1526,778
145,1503
5631,1144
6516,366
3811,767
171,578
2828,1867
29,502
2880,1954
1890,1192
6711,1842
817,1637
2523,2173
40,1520
330,406
2926,475
4960,642
1245,2097
1100,744
723,2185
848,1076
6255,1189
4146,6
842,2121
167,429
4454,118
386,25
4498,640
1743,251
678,1565
457,1992
1767,504
2897,1791
1399,796
3441,412
2001,987
5973,1993
864,354
2884,920
4190,2214
5868,480
5575,1775
3520,1175
4695,1494
1693,544
1547,96
3054,1803
4701,1810
1959,222
2222,752
4606,239
6338,2062
1775,1867
282,1632
179,1360
1444,1255
5800,527
3,1230
2538,515
6210,1252
258,864
2280,2222
3757,466
2139,538
3462,128
5506,234
4862,1405
2341,1583
320,137
1783,480
2081,1594
2231,1301
27,1879
530,70
3505,490
1986,153
53,877
707,946
3922,2053
3091,203
935,2116
882,616
5052,1390
5461,1739
10,151
1452,2066
4361,504
270,364
2,2060
5281,2185
797,117
1,1809
585,1814
1,58
5155,1106
2751,1394
1070,1591
4504,1611
2540,1077
1489,604
3050,1319
1329,502
151,1019
890,1266
518,1322
3403,1708
3567,207
524,1012
3670,1306
1636,1561
4532,1760
198,262
5068,45
5996,770
398,1689
0,391
1868,1598
3525,651
729,222
2320,1022
3703,315
1935,256
5995,1768
3968,1944
2104,1974
3052,2193
4015,2224
6312,713
734,1654
952,2174
3676,1265
3070,1503
1233,474
3712,576
1500,637
1065,2130
1555,1081
1431,1571
936,1319
2,309
555,1957
5170,883
4011,1496
3332,679
6568,869
831,1196
50,601
3787,1414
2691,1274
1946,1254
3693,541
501,2188
3513,1746
5087,2095
84,1810
1996,1436
3,1003
2735,99
561,2072
6113,924
28,412
737,1339
6638,1892
866,439
41,288
1525,920
754,1927
3299,735
24,1678
486,1403
2729,2123
3623,1478
1158,410
6274,1510
1819,593
2786,1918
4140,779
419,2070
2975,554
5123,1222
617,1138
1505,1743
106,1526
3805,1943
6251,1846
2822,1721
413,2191
2341,1979
2085,2242
3071,1752
3870,752
6688,213
1156,976
2648,1121
787,1008
4982,2130
6293,2081
6638,1848
60,1380
1517,532
4506,2098
486,2183
2239,1076
410,268
6519,348
2138,1821
607,1709
3745,1573
3,1839
43,712
2575,1173
3765,1487
1213,1359
4070,1285
3844,735
643,1310
5780,1979
5584,28
1515,858
5297,1779
2617,341
1310,1328
4970,903
817,102
6587,1895
29,1057
743,2216
1297,573
53,1063
1572,394
3162,886
76,1741
3284,687
3937,498
5983,1030
413,34
1981,1683
235,380
1374,779
1613,593
5012,1031
1633,1372
1256,1718
851,49
1428,687
4148,1888
2296,626
1977,1934
1032,1447
1721,727
2581,671
394,1546
556,1768
544,337
585,2186
4808,2178
5895,218
1387,918
1131,600
4823,2041
5780,975
710,380
4990,1265
1,596
3885,931
4228,115
6717,694
618,1223
498,325
51,125
447,219
2560,1238
1755,102
1604,1421
2906,1633
340,609
82,1471
4791,601
3498,1105
5941,112
1369,593
1139,2095
382,1545
4028,896
6091,7
2939,272
5,160
5579,1782
624,360
1951,1652
98,834
3346,652
467,471
135,2207
124,1060
4157,810
4518,1582
4715,1258
52,2081
4187,2148
4243,9
1763,2259
2646,1060
2598,2018
383,2064
1577,935
3367,1443
2552,1071
2289,1087
116,2066
956,895
588,1023
5896,1899
394,177
1592,1954
3262,1840
2209,2091
1135,1873
4335,2252
1477,2259
3807,1983
5352,143
586,1297
5566,1620
1161,1335
1109,1120
3461,1450
6131,549
5254,1828
6206,1922
5430,2178
6405,1386
126,1740
5156,2067
585,97
3593,1373
6046,260
859,1569
2914,2232
6065,1286
2150,992
1964,576
816,481
4577,708
792,2087
6477,1748
3043,2183
6461,908
1351,1444
2868,1021
2092,742
5148,1963
3336,281
5807,1962
3221,1981
5498,605
1405,1794
2040,1858
5750,943
16,1304
1296,2112
4836,840
795,2127
5835,234
779,755
1966,765
342,877
3921,729
345,1436
913,1833
9,1713
0,287
3059,2145
2250,1477
5885,2055
26,1150
4691,522
150,338
5283,850
2251,644
846,264
1638,2040
5401,1656
2525,117
93,1579
357,200
248,5
6073,720
3367,87
647,1055
659,374
1095,1585
23,2165
1704,768
2248,544
98,1140
2284,855
4181,1883
434,1572
6371,723
5842,1303
996,1897
183,938
1246,980
1110,321
690,304
2101,727
2955,92
1633,1851
288,2173
5551,1428
3040,1333
218,1409
1979,44
152,39
5068,1580
5720,843
2745,1074
5538,748
1155,1715
4194,163
1231,2183
386,1875
1816,2211
2175,116
112,174
4589,374
39,2090
3585,2208
6606,960
2795,1774
6221,1652
2438,1904
240,1734
4541,1050
4630,557
1,2146
3104,497
2385,97
1350,660
4085,12
1136,728
1904,878
1523,1706
5196,616
12,284
2511,843
943,1465
2579,308
4063,824
3917,1301
1208,1015
4066,556
753,983
2476,2151
44,464
1044,1741
2207,864
3091,1318
670,545
2178,1121
6537,1224
54,1077
4358,1192
403,548
1220,1574
2176,257
3041,658
1117,1385
5070,1346
6678,252
850,612
1363,616
6233,188
1439,682
1441,1923
6149,2226
2247,1841
419,826
4630,1574
3754,828
1450,1627
2043,840
217,2021
4654,2178
1478,477
4740,397
140,427
283,1200
3685,2243
57,684
4326,1058
3170,1620
3147,1730
2487,1903
1519,1763
6375,1454
10,1827
81,9
2672,1111
3292,1243
797,30
1539,602
374,1094
4424,1566
61,693
1698,879
1070,1628
2140,531
2147,972
1565,2190
3281,1478
3229,1763
6067,279
457,351
4521,2061
481,1964
1549,942
850,1659
9,514
1576,46
4215,1482
4631,2150
635,832
5384,1522
3998,1390
5865,1384
5349,863
435,1939
350,1876
2318,619
3535,935
166,2154
191,600
99,2189
6729,552
2982,1179
16,1027
6689,1975
4,1873
2907,2113
5822,664
1953,594
309,833
1174,2226
4094,1893
726,1495
1741,606
1177,478
5757,593
1128,1583
6446,2017
24,1990
74,1882
4155,1893
1715,1315
2427,293
89,1438
2330,954
2455,1623
1328,81
3859,41
81,1256
4807,1712
3283,85
753,1831
921,1949
5233,1215
5575,14
2620,767
887,1342
765,362
6748,1919
3931,1049
5162,1009
1833,985
4557,1807
656,495
5348,1293
73,951
360,2247
4599,1972
1026,1076
3928,1934
2020,1866
3846,1300
6447,481
2658,147
5145,683
1935,1961
1202,830
281,1695
779,1837
3712,458
838,1428
441,1060
136,1880
1540,1640
0,905
759,921
908,1488
474,779
1539,458
2827,68
1561,1160
2358,862
6112,1259
4537,441
244,160
1088,1838
1274,911
4515,915
3840,129
2164,2116
77,1509
5315,497
8,601
1430,1008
3392,2138
5680,2154
1128,1991
1641,981
6249,904
1352,1593
3318,1599
77,1609
314,488
1699,2171
481,716
2697,1005
5362,1562
480,1384
3998,236
5302,762
2285,2048
3745,1026
1640,2245
0,971
2104,1755
1737,492
3801,2230
5817,2215
1944,364
470,1816
137,899
773,1214
1744,935
886,596
2741,1774
1123,1194
2055,33
3998,108
4186,1865
5007,297
3229,1034
22,2255
3241,1872
90,300
4424,727
354,1427
149,2062
6099,2161
5847,300
4,1129
1028,1557
505,793
19,2088
3072,1094
3471,564
223,1115
5578,1479
695,232
3973,348
2774,561
5138,1177
6167,1245
2056,1692
5916,1081
4176,206
5821,389
594,1044
720,1207
1709,1599
61,2067
1890,775
429,568
79,822
3979,82
2993,184
869,2036
3572,992
5320,823
3902,552
101,784
2996,1814
5744,913
6120,161
4624,243
730,512
5695,1049
144,1751
1223,800
5286,594
837,1905
5187,1685
6320,1251
1197,493
936,1223
5534,2216
4862,1071
1891,996
2718,2012
31,737
2821,1894
923,232
1665,1703
4223,1533
227,883
1893,1194
2866,845
3029,47
4424,1295
4845,239
5383,1474
339,533
5451,284
261,730
6427,1621
878,515
6621,154
3896,567
1118,880
88,1444
4966,1276
603,1084
1404,812
3146,2195
0,1583
4333,830
397,1552
2114,1369
291,1793
6011,2111
590,382
5986,976
768,258
1148,266
566,862
6063,1267
2403,1876
1562,1905
3965,1469
4000,2163
4373,586
3112,1212
85,924
4881,223
3323,1102
485,1259
2422,27
441,488
3082,2028
388,2151
2481,2147
1496,206
2897,1259
676,744
3940,1228
535,1298
214,2244
4922,2103
27,1620
3755,1993
4926,2014
4893,1098
64,1858
3146,625
4198,1606
278,2132
871,270
5988,623
991,1264
380,1533
4822,1445
2771,717
487,1991
2358,1608
686,818
945,827
1931,1718
2118,94
5932,1188
4153,398
2403,401
4262,2003
55,1525
1378,394
90,130
3792,265
4554,852
3353,1370
1617,1462
746,463
1212,1393
118,697
2052,578
2319,1472
1185,541
3906,996
830,1080
2830,1171
446,745
659,2220
5795,1616
6095,1430
5524,904
3475,575
1198,659
4882,1892
5772,1702
5193,280
80,614
21,1838
2668,985
3067,1780
163,1812
1187,210
6365,2259
884,801
1773,862
137,205
2272,16
821,1728
6127,1582
4109,1770
2249,34
43,691
1547,1897
2083,1989
4010,2096
89,5
2520,29
6599,1181
2722,721
3,1133
102,1448
783,1243
2314,829
4716,1978
0,2214
502,1754
366,1910
3,67
1724,532
3960,543
3778,398
3985,1316
766,1225
4058,1912
297,902
1667,1443
1052,1485
205,1159
5083,389
5437,1162
2605,1286
6692,2214
684,1055
4209,1237
5646,1231
3,1342
1301,1019
4079,255
2219,1517
5935,1448
2048,460
2939,1777
4703,377
919,199
2094,1220
3399,1195
28,1166
1677,505
2714,181
4839,1512
148,404
4626,768
104,184
62,2025
4478,23
5326,1474
894,153
2141,2243
4378,344
1599,1023
6372,920
2647,2160
5950,1503
2975,2147
2473,115
4588,1765
3556,1033
1155,1609
4379,888
2595,1037
1931,308
4462,881
2831,1030
3312,2170
6121,1090
4585,2199
5809,1539
3334,1535
2103,274
661,967
437,1460
1207,1202
553,1065
3219,904
798,773
909,600
2709,1963
1796,1393
88,524
1196,1855
1095,35
3382,1590
330,1638
0,1590
3227,1705
2707,1168
3577,70
6066,1507
2558,2102
371,1314
2116,1394
1562,1603
2336,2061
45,42
1341,1879
3293,588
1163,1339
6,1338
1948,433
1256,1542
6215,969
6730,2001
4980,1457
6347,1769
1518,947
2251,1925
2448,1321
6460,1380
134,1810
35,1735
1223,1695
6513,1158
5501,2041
2698,1578
3403,1460
1550,1140
1431,105
23,1098
1208,504
4318,1574
1119,1797
6177,134
1441,1048
2443,2119
533,1164
92,1745
3655,2223
1696,833
935,1804
6192,1143
5672,1103
2260,949
1767,2047
4060,1231
657,400
31,69
4583,1951
2084,1248
5463,1205
5122,639
6091,1283
5677,654
101,1440
2589,1016
16,1392
2566,1595
61,408
825,1324
420,698
1,1434
3688,336
0,1897
3743,48
3061,223
5918,269
268,689
3769,2247
3437,231
2897,1411
37,869
5174,1127
2244,1642
2023,2152
3580,744
3096,316
304,1095
1412,1648
6465,1181
5340,1793
4387,399
5364,1666
3509,87
2655,230
5323,1182
6124,664
5593,1833
3050,289
43,1849
5191,357
1778,1598
3117,504
3165,398
5760,1847
1450,607
2751,521
530,1729
208,594
2357,1204
2668,137
17,1402
23,999
3154,1120
2382,600
1519,1358
119,860
5208,554
4072,470
4343,1569
1475,173
5362,1264
5531,1209
6052,1009
3984,391
3755,1421
2543,1913
1258,2036
816,1120
5305,823
690,226
1934,711
1013,2115
4682,593
2049,1127
168,1422
465,422
5851,291
787,254
5087,223
247,1493
9,289
2584,310
133,358
3978,1977
6007,1774
5678,2
5146,1831
4940,361
933,1237
1,950
566,1582
5640,1883
455,442
73,851
278,1355
620,1499
9,1367
1792,1641
1871,629
5663,1645
2060,641
3081,1180
2885,1904
257,739
5248,139
1576,816
4941,1347
4294,2082
7,1021
2098,90
3670,512
6108,1285
5593,667
1037,2204
4647,1508
135,549
4458,1820
2429,806
4540,2160
5168,982
5012,1356
2974,1176
575,1465
5789,655
5817,1507
175,1861
950,1438
814,2241
2208,642
571,1860
87,1162
3500,985
5359,594
6160,1015
567,1296
6618,260
888,1567
2648,574
624,1960
1463,1049
1377,448
1128,264
140,1732
1170,1305
3363,1558
1846,1267
2720,2113
319,1684
1852,348
37,101
6182,412
550,1214
2936,1033
1923,1266
986,1333
1699,451
745,1810
6174,1963
4178,1222
772,869
3504,1044
2048,604
6462,1126
3927,1829
1245,628
38,1838
4069,1619
2033,1883
3926,1025
379,1603
3478,1832
6339,763
2691,1721
5626,1752
5399,1018
1718,872
5638,1761
4559,988
388,1009
4787,1269
4175,1096
2320,317
759,1006
2332,1152
1399,1497
1839,1311
6091,397
310,623
846,1884
6553,829
3342,1614
1563,723
4428,1646
1656,1996
4520,1284
5604,2003
2958,1006
2437,2060
4780,813
6622,1181
5862,1072
3077,2061
189,1410
5090,1235
6448,1260
1618,180
38,518
855,16
2299,2106
662,727
5229,295
4033,404
3226,2240
1167,931
5087,1284
4886,703
402,1861
2012,2236
1429,726
2675,2145
921,389
1773,1384
5291,972
1654,1462
1230,1644
410,1474
385,1034
373,102
4584,507
22,29
2383,2105
3463,1598
5152,229
2518,1807
2062,675
5539,177
5573,623
181,862
695,2116
198,1690
4407,1345
1617,1664
3845,260
399,1720
56,697
5399,271
1182,1710
1941,2198
3785,639
738,1296
1318,1396
1286,889
339,1567
4487,842
2046,235
956,2088
3739,677
227,569
5587,510
549,1065
1930,380
2162,1785
5943,207
100,1646
1993,1119
4575,1624
2438,188
5394,181
4919,440
4373,924
2720,437
4677,975
3185,249
1241,330
5736,1802
5287,1446
2281,674
52,1407
4392,1979
468,489
1346,629
423,1463
1490,1431
3455,1363
6216,651
4889,403
4037,394
4869,588
1901,2240
52,1038
56,894
2347,1427
3265,990
4,1886
1522,2250
3126,1410
362,1510
2632,1873
1428,1411
5412,603
981,593
3468,2075
5492,1326
2065,1327
149,885
44,608
4465,1116
1751,1680
5223,2123
1527,1894
1306,1884
2529,1867
2379,2040
4365,1455
6166,1995
1448,343
1234,1411
20,687
107,46
927,1454
5951,1171
440,1161
356,1990
652,2165
2125,660
1685,798
2866,336
5366,1473
5769,1841
1681,1199
1813,1165
924,1509
540,1874
5592,116
249,1810
3210,1627
1202,587
2851,616
4746,1894
3333,1703
559,886
424,733
103,2238
5576,208
2633,1364
366,2196
1120,1953
209,684
4044,2237
0,365
68,2000
2283,698
447,1119
4020,1299
5602,474
2748,1715
1689,1012
4605,225
845,343
5270,1228
4802,1109
6530,1041
318,320
228,593
6223,1509
3460,1978
17,330
5534,1942
27,1869
3125,1905
1027,2143
285,1061
1415,762
2775,1989
589,1045
11,124
6625,198
23,537
4979,2215
19,98
4566,675
5077,449
5761,167
1939,1640
4324,1413
3251,283
3495,871
3692,1653
651,599
6591,1340
2844,1558
1217,1471
2614,1582
3685,1440
705,1572
358,1680
568,125
5096,1391
1269,104
3348,1152
2918,193
41,822
2844,2150
98,1027
184,1496
197,906
129,114
242,1799
254,645
4369,330
0,496
146,1780
62,1461
4930,977
182,945
2537,2100
6320,471
3836,1049
5552,2009
1036,2155
1674,1086
527,185
305,2256
793,712
1735,2189
919,2144
537,1107
3314,2094
2563,2031
5275,930
6100,200
683,25
6202,1096
407,1590
5279,232
5988,1061
1631,1521
3018,2007
5501,1884
1803,143
1220,2131
3838,202
311,1260
2212,1153
1832,658
4410,542
677,297
1556,735
2781,1992
627,307
0,433
3377,368
414,761
3145,460
347,446
2504,2192
5999,1774
959,405
5613,1950
3547,2065
3005,1947
314,575
5473,356
4992,1892
1008,990
4246,1034
271,1544
2838,2003
2068,1008
4431,183
575,410
1348,567
6275,1998
1023,32
570,459
4851,826
147,569
1316,113
446,1491
128,790
184,255
5937,2246
625,1926
576,619
897,1464
6333,193
742,765
5906,974
3621,2173
40,1058
142,1815
357,1418
2411,314
3228,2029
1125,865
63,1203
3103,1288
3757,2105
631,1182
6355,1625
669,1522
118,2130
690,1106
3325,1059
4951,1141
3541,574
895,956
683,52
5473,856
3727,359
4551,1236
3952,1640
854,2138
473,2195
1752,447
1579,420
4104,1662
824,1545
255,1618
558,1636
4016,1308
4154,2165
1933,743
3686,669
6467,74
1916,1531
0,461
6421,1320
1719,196
1113,334
5089,503
3517,1771
3793,2071
1184,1781
6298,1917
1192,804
1299,1035
4551,1645
148,184
4700,1483
0,750
404,733
422,191
339,1098
6614,408
159,34
1656,585
383,667
5125,2118
848,1316
1,659
3874,1993
496,1870
1925,1510
5278,1918
74,949
4261,1644
584,494
3755,22
729,1501
4189,1012
4608,112
131,1945
4311,178
753,1749
546,92
6616,346
6679,1086
717,386
1689,435
1675,1276
1093,1000
3872,524
1681,1515
223,857
1022,580
3619,61
1521,1564
1185,1002
2823,338
1903,1685
1116,1965
4390,2236
635,372
2035,24
3369,826
2083,1613
6728,1871
650,1158
2150,2244
905,989
170,881
1067,1285
6249,1952
1348,1571
1080,560
1884,1115
1811,1776
969,1874
2292,1352
2726,2117
459,1907
76,549
6433,1903
2497,2031
82,930
1112,838
28,1515
5061,2135
512,1034
4106,1417
11,381
467,1443
295,25
179,2076
3428,64
6701,1995
1580,54
4681,591
1487,1833
53,2043
2335,139
2399,385
163,1545
240,1232
252,1517
521,2113
295,1569
46,342
3458,2100
635,572
6285,268
285,1178
377,1198
1718,110
294,1885
3825,835
4923,984
2202,1788
3510,2031
88,1269
3735,1578
5110,1593
2481,1652
3559,1227
486,1179
4133,2182
447,1409
330,1610
283,698
5110,1211
57,698
2059,769
0,122
1121,630
5187,200
5216,1318
226,1074
722,380
2370,28
4442,1201
4467,520
6207,1021
2283,1160
1546,300
1128,1372
1514,1414
785,636
783,668
1706,2193
6529,956
394,1280
516,1436
4011,2194
2117,1281
294,1074
5331,1337
3616,1816
2350,1823
2046,1423
1226,2087
1941,31
5784,1530
3774,858
708,2198
1473,965
2124,76
347,1700
1513,1704
2358,1842
6594,2232
556,384
1374,916
73,279
1083,2131
5455,367
2531,1384
2170,1000
2602,1581
315,184
1823,890
6505,502
4705,1328
5,1232
4482,1919
1621,720
5548,871
6045,1252
739,1827
6436,383
1653,2000
56,1020
531,1965
68,788
570,308
1596,596
123,1369
244,1491
1857,2254
4126,837
0,960
139,1038
4785,1334
5160,1948
2711,226
4969,175
6690,326
4670,741
3609,1845
2095,957
40,712
2734,751
689,822
3642,1051
1869,1739
3745,2221
6434,658
1727,1769
272,1669
3831,90
32,2160
1631,1636
4979,2013
3829,31
786,343
310,254
5155,671
1031,72
6142,325
0,1372
1229,511
2395,1754
1876,833
895,1197
717,1344
1280,24
4952,485
5087,1575
1581,1957
648,773
71,2042
4229,401
2793,1689
399,1447
396,2237
6417,76
1401,2070
3857,514
2957,1263
25,2196
4242,1362
3569,1324
19,973
1833,1077
626,1443
4394,419
3988,1573
556,2061
5477,1351
246,1564
6573,59
1236,1757
3666,1695
1318,1559
4,2250
353,22
3121,587
2978,234
131,796
3732,1426
2237,1477
1514,279
4764,855
4031,1342
786,281
1472,2051
626,1148
4402,1601
6643,1424
6587,1618
179,1936
3316,441
82,123
704,743
1834,1938
1705,56
134,1227
1458,452
2610,994
944,6
639,1812
1758,808
4813,1972
350,590
1707,680
4682,839
104,1595
906,649
3038,1247
72,1832
5371,1743
3096,327
6593,2218
455,1107
583,1668
122,1145
6542,215
3023,147
5761,113
25,1041
516,757
122,985
954,1045
3603,2127
162,1044
4038,1183
3554,273
2922,1675
1714,1226
4568,794
762,1776
1394,425
163,1112
172,405
1370,1819
979,755
178,623
1493,123
3352,1508
5125,611
3499,938
5936,364
4491,170
1706,1858
3313,673
2563,367
1783,158
1460,1209
1017,1265
4988,853
6085,2236
469,878
2063,1691
239,1468
1340,1675
5820,252
1577,38
348,625
256,1880
1179,1959
5123,1152
976,1603
297,200
3173,525
551,0
2941,718
155,77
353,1571
1313,1094
48,1200
1594,1803
552,91
5689,817
4056,845
6468,35
3416,1719
62,929
4378,37
1674,1004
4457,1105
1358,1597
1769,2076
2369,1788
3827,352
2040,1477
1201,1421
660,949
514,421
87,1376
14,1374
4250,1329
200,1756
5044,2142
46,604
4666,1885
70,1094
26,861
1937,577
1806,286
2125,820
2178,1985
2751,1009
5718,850
4080,1119
2833,488
731,878
2248,2261
66,2046
795,1973
1821,1703
48,780
4263,7
2907,1308
2706,1242
3452,1296
6576,1585
4780,390
898,1146
727,1529
329,2225
1444,952
2534,163
2075,313
1838,1806
663,1481
916,2038
135,1650
6620,1268
453,1427
2415,1616
6339,2016
927,1831
2344,1067
150,1387
4179,89
1878,1112
119,2208
3761,1062
1500,1059
1293,196
43,43
1351,685
2133,1867
3606,1269
1730,390
389,1815
4704,1659
3436,1823
6706,1176
2405,305
513,478
1146,1289
5267,918
4052,584
6560,969
1427,1149
10,2128
34,37
1350,2054
0,1295
6185,721
951,312
1288,481
6396,188
950,975
3613,1886
1206,816
3992,716
3910,642
5823,775
976,1190
4602,440
2380,1912
5085,1329
125,1665
6330,674
1028,1474
2013,1329
758,1794
3643,1348
4806,1333
2909,1503
1052,469
2928,590
426,1928
6152,1348
1738,458
3413,58
4279,1471
136,1398
175,2002
3816,430
22,683
3617,2083
87,832
2180,1367
1323,716
4752,1747
2288,2174
2548,242
3100,917
3,332
2813,1100
1224,421
4999,1969
484,338
40,1036
1477,1077
2399,320
639,2261
228,808
142,637
55,721
1397,46
5965,236
4491,1111
318,1679
2592,2047
2018,1072
488,1695
6748,2076
1137,584
1724,635
4289,1849
2167,1784
931,912
4390,1826
3292,1422
494,2252
303,1472
2634,1566
1971,771
5533,815
6699,409
194,2044
2285,2047
616,756
2428,417
345,473
433,1241
2918,1412
429,406
2229,2121
5531,1283
456,2197
476,20
2551,996
453,1665
374,1362
3597,827
1593,696
361,404
2223,2046
4598,1614
3966,2106
4881,774
1775,488
359,532
920,239
4102,202
463,2113
990,1408
6025,1022
999,1968
1559,682
6065,822
230,764
1707,371
3032,1359
2398,1688
4034,2215
630,417
4690,2097
4612,653
3674,2040
2178,420
3411,333
916,1706
2644,1768
326,1089
427,188
1841,616
4141,843
1733,235
5429,1284
1941,1111
6075,1346
1307,2186
4095,1567
4916,1719
1169,1097
709,2130
2072,329
5011,1842
1683,1638
4319,1780
0,2197
77,1373
1927,1652
5008,467
4137,8
3199,1811
2387,1289
326,1098
2601,1512
255,430
125,1949
1928,709
4698,1860
5712,421
6674,1409
442,2157
1294,869
134,1046
607,169
2058,190
2431,598
3884,1043
736,1340
605,901
3696,215
523,191
5111,1891
2070,630
536,2164
3298,32
419,900
3533,560
4428,977
36,626
164,1442
1809,892
1699,1176
2228,865
619,1649
1081,1496
4192,2122
4007,325
6259,1875
5004,1793
1686,1698
3052,1980
3039,680
1530,627
1410,1286
27,779
2835,1208
2647,1752
2667,1943
1423,1041
4496,2172
379,665
544,974
3619,1560
3402,544
2259,2064
4630,1732
4241,1866
2958,1749
3853,1087
373,1646
474,1160
5411,1591
4298,429
1282,78
1744,798
2532,145
353,1461
1932,751
1858,1081
63,1793
284,1296
6580,1682
1890,626
297,1450
4970,428
6028,884
912,780
24,298
2970,606
1813,1916
936,171
1795,313
345,1967
3335,1294
5184,326
215,2038
2835,1317
5858,2039
148,1650
3266,106
1561,881
2405,1033
581,2076
81,1532
191,1567
103,668
1760,244
6434,208
1,2185
835,1671
1181,1606
5566,1439
2904,1327
5293,36
2108,1922
4918,1188
4077,1030
4409,1295
3669,2023
3617,2251
5001,133
1433,2111
839,1185
226,36
4743,2207
5259,862
4237,1644
1791,960
4121,2154
1183,805
1310,289
5830,1727
836,1311
1226,650
5652,1290
220,1168
780,1259
4787,789
4537,1862
2657,1790
1563,1754
4695,913
1818,519
2291,1746
2831,1454
5530,195
5579,726
2812,805
2860,1000
714,287
6455,157
696,2065
2356,672
6651,2239
4902,1539
4423,1772
3682,154
29,698
720,1590
3460,124
37,192
417,1967
892,158
1119,1887
4164,1493
820,609
2799,1724
444,705
2078,2127
5127,1685
4504,1664
4102,1577
5565,736
3260,1334
2306,1477
58,1510
6644,1375
3529,787
886,464
6558,2091
5835,2214
750,454
2618,1689
117,626
5525,356
6317,1967
957,1649
3168,2009
6264,2191
5509,1014
1634,465
1851,631
1464,903
2441,388
3146,2249
648,1373
2345,1586
8,2182
2667,263
5361,828
926,1254
6654,1352
2489,1790
6610,1854
5457,1019
1275,990
359,464
1124,1264
122,347
413,661
4790,2030
1017,626
0,210
5142,1722
2175,1973
2128,308
218,937
1675,2007
223,1362
1492,1545
5454,2144
144,901
5799,1517
4848,355
3728,543
1907,725
403,1265
226,1736
1461,2201
2815,1279
1993,225
6013,1842
880,1020
1479,2108
4723,1613
1125,353
1350,1943
947,731
555,677
6475,2099
1325,1928
2842,1057
5670,671
23,1255
2186,1362
338,1719
1990,52
6625,498
3046,820
1260,1039
1482,853
1659,1015
493,71
6073,949
2871,2018
2850,557
5957,212
133,251
4450,830
1086,2113
4740,690
591,999
1740,1621
5078,1065
3023,1070
6384,1887
1018,231
5420,950
58,505
3202,721
1499,1281
1630,517
10,668
3785,191
4242,471
1068,353
2712,1143
5111,702
285,1128
4491,263
4368,1733
408,1773
707,1632
1656,1060
6405,2116
78,1659
6233,260
7,1145
3073,198
650,1326
2197,1689
5841,73
486,1698
4009,806
4728,929
4236,1576
2881,1556
78,1288
2553,806
726,1173
1585,1722
3768,36
1422,441
6156,729
581,1920
1578,344
2419,806
894,1107
2400,613
6236,92
326,2088
53,1070
2346,830
654,384
225,1139
6755,1230
822,710
3170,1378
511,1364
1411,1762
2691,1769
1011,980
184,195
5562,247
1901,1661
1392,1910
335,1839
2094,206
1394,2233
1139,1356
1108,922
4888,711
161,2120
1410,1833
143,1915
164,1933
2835,1051
3834,1247
4612,441
4345,910
158,1085
6174,561
6713,1434
5826,1596
6731,236
795,585
244,2209
460,403
768,202
54,369
1894,1098
3076,1870
5167,2058
5,1520
4035,211
1000,2195
28,1747
1,1095
699,123
1560,1805
6293,1109
1826,2043
436,2123
4668,320
5123,1986
2829,2153
1263,2077
4418,2008
4781,292
267,1826
1651,1284
1245,145
10,636
707,2047
3971,511
1860,444
2439,976
5114,1696
606,902
2474,663
5567,408
4127,855
600,439
3245,1128
4302,483
6744,1310
4121,538
3160,2030
689,976
1626,1685
3083,1146
2048,1718
3545,2201
4245,243
3505,1349
2906,1086
2350,268
123,2081
5349,984
4041,1418
69,477
2939,1293
3902,704
755,831
946,1709
2814,257
4987,111
2340,2204
1095,448
1759,1988
1344,1120
5898,1531
4268,291
501,189
4694,1777
2297,2137
189,292
196,2074
3254,2159
3945,2019
2705,1703
0,1509
4033,1115
4878,292
1561,1919
6356,1820
2462,443
2878,416
288,1439
495,89
4063,1856
2845,1975
5532,1139
4776,908
1251,337
1487,1816
308,603
4244,546
4939,733
2578,190
3,1651
106,488
0,302
3554,755
1993,322
1696,1344
61,723
6633,36
3730,538
693,1838
1468,1694
125,1205
1307,830
3312,495
707,939
2541,17
5177,1707
3019,39
851,1253
3494,1891
3872,1392
3562,1
1471,2119
2408,2226
1974,363
1143,1383
1708,539
251,1129
4177,1961
3359,35
20,837
2891,1955
1409,143
2887,886
3181,373
5203,538
6,1184
681,2148
3250,1427
64,262
152,1587
72,450
4183,1195
5302,1458
4554,2252
686,1584
846,558
2755,426
724,2128
6185,158
4239,1779
3457,1536
4823,1962
3985,1578
55,1156
953,401
1613,137
2191,1295
4652,2179
2526,748
2728,928
1954,723
18,1327
933,1594
1360,1460
830,675
622,65
3461,1614
3096,534
4442,448
4191,561
643,504
3177,1239
2439,349
244,900
889,207
5751,1477
3574,841
5380,1344
2751,1308
111,99
3043,206
6016,1900
6365,1207
838,1972
5124,977
2191,448
2387,650
2523,1924
688,1996
1467,886
186,819
5645,959
25,1809
1724,1765
5188,1074
6635,936
1014,631
4044,1457
3,700
4703,1602
451,1601
998,1377
1077,525
3304,2101
5939,1458
6250,889
1645,857
28,1228
699,780
5257,17
38,1943
3394,2253
851,70
984,2254
2289,838
475,574
2203,1786
1504,268
2974,937
1353,1016
41,1726
3997,89
3238,1708
1088,2259
879,1643
39,1758
353,536
189,1006
2264,1258
3638,644
3130,763
4977,1171
1087,704
6319,1903
1589,1341
361,2052
2281,1047
871,1766
1054,134
1343,947
101,852
3515,237
5900,1720
1937,820
354,1246
3861,1657
737,2139
1070,398
5476,1981
183,1210
3936,777
692,1056
1033,1917
945,675
3368,924
5262,1405
3608,1441
477,798
2809,416
2693,819
1042,1070
3616,1531
2763,912
3532,1953
1869,584
182,500
5954,343
3660,1280
2393,1029
5210,784
559,1845
5910,917
5221,633
4586,352
3677,1901
7,42
3534,438
6313,218
3973,1939
44,2240
6752,862
1483,718
1305,2226
2128,1425
2,1595
6114,1458
3869,464
565,1192
404,662
725,1546
109,784
130,887
861,979
4913,1781
2849,2033
261,758
3363,104
86,286
192,1605
205,1426
736,689
3253,1532
1005,1134
1584,1786
3808,750
276,1192
3881,363
1017,1752
1271,1422
1163,996
3,1184
5213,2124
1214,2026
2452,996
25,70
511,253
5670,1075
122,2017
1580,752
84,2007
3520,1794
1091,2024
3424,1769
1852,2199
4534,1872
185,359
5796,1752
4182,1290
893,226
2645,1692
4149,469
24,2033
1309,61
3849,1879
5687,796
1079,588
2208,785
4661,2056
5980,235
5888,85
441,2193
767,1429
1114,1344
0,2130
3212,1820
1055,1438
1316,538
417,505
2672,2231
1182,1409
1658,1575
6486,2097
4926,286
1902,622
2002,1341
649,968
438,470
1746,526
0,1728
1,2213
5257,119
850,1047
891,2240
3557,291
2807,1145
75,1635
3821,1886
1022,1545
2266,717
3652,1222
2795,2033
6610,2244
1832,2139
4808,615
1473,78
101,1018
4,1603
5885,1366
2547,1925
1219,1144
1561,1218
4021,211
531,1677
7,1643
345,705
884,740
4993,461
366,2030
475,466
2212,1982
3979,696
1763,316
4917,2139
2706,1535
3104,818
2912,2206
20,2255
5985,763
1576,1191
588,1410
6502,844
1398,2037
1556,1585
2322,600
2334,1006
1426,129
3173,142
30,2125
30,1386
4078,2074
5564,228
168,1369
3082,1248
3211,1373
2799,1304
5756,1085
1864,2239
394,38
2415,373
4273,2058
1958,1174
12,1263
482,83
398,830
1856,108
134,572
77,1848
5509,483
6232,1419
738,201
39,146
5601,511
5719,1132
245,321
3816,601
6174,1659
1178,13
659,1544
589,499
6548,2070
1215,1262
217,1953
2459,2064
701,1087
2137,306
4706,1315
1237,174
1762,1775
6718,1365
179,204
214,1648
2347,114
1872,1534
104,514
6270,911
3518,1717
3012,653
625,2130
4974,2187
3845,2137
1285,194
4082,1885
3444,2054
5416,461
1463,806
3361,1768
1053,1555
1131,1459
172,1418
2192,1447
2559,1663
2518,1518
6059,2191
498,1892
6379,535
1402,1733
4632,716
29,2107
6363,377
468,1724
506,1030
911,1095
2272,645
3779,407
0,1074
419,282
822,215
2553,1458
5534,1185
2940,2058
6676,363
6263,1374
6439,103
5493,556
3876,1289
2931,469
3242,1334
5075,963
5343,1275
5770,1060
2807,1318
3314,1494
6606,723
5495,1836
906,2017
3554,785
1969,5
6681,461
5507,1302
3959,1940
984,239
1422,1173
3918,120
6611,200
789,784
3211,473
3452,2071
110,565
4604,1899
3163,2076
587,1685
1388,1364
0,1913
667,1100
142,1333
6346,530
3765,1338
3458,1119
66,634
2039,1477
521,350
3839,1206
473,79
762,931
3490,1325
2677,444
2554,694
1401,628
3086,415
10,1973
3019,1061
6086,1810
2248,773
340,280
2744,1006
5068,1668
725,1765
1530,1301
1956,560
4006,1584
425,686
3238,2217
3187,840
324,244
49,1195
665,612
5785,1902
3258,1220
1013,1753
2224,541
1282,1814
3838,1552
2438,731
3573,1376
758,1396
85,698
439,1196
3383,1331
4478,1152
417,701
4588,317
6519,1738
3037,1997
3900,783
1284,1803
3552,2134
2098,2247
4277,1442
6297,1943
6225,1470
553,832
5342,692
271,1769
1207,1663
6222,1061
5859,290
91,1051
2281,153
830,36
3761,739
2759,1465
537,454
4382,481
2601,367
1259,2212
3126,1479
1269,515
4129,421
814,616
398,1975
6471,855
3682,516
1843,1658
3915,820
3273,1437
1878,539
3077,2039
2219,1992
1025,2140
6533,423
4815,1131
536,2187
2025,262
3614,796
1304,1205
2201,2211
3792,281
595,1220
1383,86
4768,1949
435,267
5567,1933
3125,842
537,1228
3531,988
1655,462
6117,1302
772,1946
6663,601
4289,742
1110,216
1418,2082
5994,1546
627,105
2720,1065
0,579
1132,1713
6120,187
129,2223
543,805
31,681
2556,1696
134,2076
1327,1098
3989,1252
4192,1555
1260,1770
1096,1434
162,1074
2791,1514
729,932
0,774
39,1372
1965,1953
5673,23
4683,922
344,468
4338,1272
5778,1316
6281,2144
3198,591
138,1395
103,1940
636,1789
4951,238
2449,624
1610,562
937,324
3097,1123
5124,413
1314,603
3815,710
1705,740
5645,424
2424,377
839,561
803,1275
82,1244
429,1811
55,1882
4981,67
379,247
3137,676
5280,2191
43,1296
3904,2089
600,985
6212,326
4971,87
13,313
378,1973
563,1225
2144,1605
35,358
4281,989
4132,1973
696,1907
50,67
4112,2054
4889,59
1590,2220
1789,206
2212,376
1577,1426
1393,876
3939,521
6447,452
169,1835
886,254
6145,1732
4911,948
2758,946
11,62
322,425
973,1331
1162,1559
2340,1811
258,1729
221,1591
5988,280
5809,1692
432,343
1006,920
5557,2155
1,701
0,2134
7,1523
5382,1940
84,2058
1347,209
3465,132
5588,2089
3465,34
1004,1719
4043,1008
6002,1935
384,564
498,1064
4902,93
135,1602
6711,739
4334,1162
2701,1730
3411,1309
1007,1732
3392,1719
38,1947
2682,85
4323,1526
5830,2068
2777,463
543,597
4257,2111
4172,2071
1821,1238
6166,879
1750,654
4081,95
26,1275
4,187
982,1572
127,410
1352,1286
4447,619
299,760
4827,1704
5656,1116
3703,2001
6561,768
90,1950
4878,1152
3579,1711
72,1780
4803,954
5196,1325
5774,1563
231,96
4744,1641
53,1494
4256,293
2208,1243
575,949
1502,1607
6396,420
4051,1287
6281,1997
2308,1270
3390,1477
1580,761
4103,1089
6139,2187
2809,502
1884,1807
46,2111
1,1772
209,1642
5359,1183
755,560
1340,636
3553,1100
6410,1
1388,2250
526,815
1230,399
4193,2134
1342,1531
4614,882
6050,815
638,1205
4248,1494
411,344
6382,456
811,565
879,1145
6673,1270
3116,2261
279,544
1678,403
4554,287
3597,1753
4300,515
1921,775
138,840
305,30
2140,2222
207,1921
3845,1105
440,358
315,2142
5413,1708
6294,1329
2443,1431
4831,1255
3357,1630
4428,2091
5376,1197
1519,2101
191,2135
2331,899
3311,2214
5879,663
513,956
205,1765
5693,1298
4951,1901
524,1093
1955,1125
2,363
632,644
80,2223
1372,1282
2094,547
44,90
1426,494
364,278
6122,1550
15,1060
460,126
4378,741
69,2207
2803,472
2,230
637,2012
1063,870
6578,772
3529,2148
0,929
61,2055
2450,1340
5497,2256
4082,1321
773,2058
4463,847
6459,1342
12,730
2855,353
6659,634
2798,1377
5048,423
4953,909
1132,1975
4521,1467
1895,2176
468,2160
1051,1222
3199,607
5384,327
1120,1507
333,355
1679,1027
2676,384
2786,1923
3089,858
3500,1716
3111,841
5267,2025
4070,100
866,17
6576,1524
2853,1319
557,2077
2723,522
0,788
5654,214
5708,634
2189,1210
4947,461
167,1777
3858,181
126,979
3533,1479
5164,2012
528,356
2821,550
2732,430
5570,292
525,1772
5058,1579
1331,753
86,79
2579,1517
4237,1426
5521,1484
1141,135
32,1141
55,619
764,1721
2332,1460
706,2003
2034,1550
5450,182
61,731
582,122
2175,1563
4545,734
153,305
1308,677
2207,1961
5384,1314
514,1805
635,439
1191,951
4286,972
166,2158
4864,723
4257,266
752,2226
10,1450
1101,1532
2373,2115
45,1664
1074,791
588,1267
458,1325
2582,2077
2531,1777
2232,72
5765,572
144,2228
2626,275
3402,312
704,1883
52,320
3724,462
4409,301
1033,1312
1388,1956
1596,1839
692,1798
29,15
5798,1631
1939,564
6027,401
36,554
5003,2017
3413,2022
5582,845
793,1824
3831,922
1435,1199
167,471
3089,947
1701,51
748,12
3165,1557
6310,272
5394,1941
187,556
3626,439
3257,1827
5501,538
3677,1352
294,1587
11,1449
4463,305
2682,1886
279,189
215,1162
4127,1962
270,1855
4677,1544
1665,2050
382,1070
5763,681
49,493
3732,1491
5967,437
1305,1865
1,1707
4400,1697
552,1713
1135,353
56,1964
3424,1269
793,1190
5731,825
2394,1864
4572,968
2268,1433
1,1451
115,236
6680,733
265,837
6144,1263
349,1441
3,44
841,1387
5575,119
1369,1075
264,1156
5707,1257
200,407
2443,1864
5446,719
545,1501
239,1610
5746,960
1245,2154
377,2023
642,1082
2269,2205
297,1206
5579,825
1920,1026
28,355
4042,1770
6200,1732
3815,1544
313,754
943,94
1743,343
6461,1931
502,1824
2576,1482
4619,739
2667,1889
1340,1936
246,1565
6748,2033
398,1630
230,663
2636,1927
1210,1252
1814,364
77,584
416,1400
1833,1067
79,1196
5186,69
30,1351
3,1048
5878,2255
5759,52
119,88
699,894
2621,57
5879,939
99,113
243,662
2352,82
412,2189
6074,2091
1989,1940
77,200
3122,5
769,1414
3,1055
29,954
1141,1534
4,1488
979,547
4891,2176
5093,1395
34,953
4116,967
1265,498
3492,1490
1763,1366
2104,868
4275,1330
2130,1740
139,2229
4281,1296
9,1703
6489,2039
1112,1635
3420,2110
491,868
1119,524
4955,239
2183,1159
363,474
4114,368
6116,86
3600,49
27,620
56,1536
3955,127
4445,1222
229,1313
253,2107
607,1204
1627,1207
5491,1541
305,1458
812,1021
913,1775
843,70
5308,1345
5434,1655
702,1861
319,2256
5128,1046
4340,1633
6185,1074
5444,1074
6,472
4231,2168
2968,1179
1610,371
89,1184
3087,2258
2794,2251
139,1118
4663,1724
3649,540
4082,2016
3176,1901
1955,407
296,1529
4777,114
6072,2193
1720,1054
6343,689
2222,1352
1107,440
4620,1911
140,2203
1258,2183
372,2145
739,2007
3920,1773
3027,1649
520,890
2647,889
1900,1726
1555,530
234,202
4172,1074
3804,644
2756,807
319,1232
4588,1423
1527,454
4874,122
580,375
6109,773
212,790
4734,1622
1360,1442
4077,1010
2256,492
128,1736
4017,2181
3801,1919
669,1362
4353,1030
56,1140
64,1805
919,332
4645,690
5913,756
9,1035
49,1682
748,1999
537,855
2427,1076
1113,36
5667,1614
2125,1102
1751,634
1232,1880
4891,1978
3012,1580
117,565
1040,458
518,1463
146,337
642,2041
2903,400
350,2098
1314,410
683,530
9,2183
5660,296
717,228
188,1932
3894,1686
4358,1658
4123,670
762,1789
3961,1669
513,578
2291,1956
3240,45
6054,43
4039,1878
34,1818
1211,1452
2982,264
145,748
874,733
787,765
5996,126
63,489
836,596
2771,140
2518,905
3312,448
3035,75
369,2151
1855,2152
2630,1374
4521,2175
5415,1610
4670,1413
4194,414
2590,1994
509,1763
3954,384
1213,133
2072,1321
838,1461
4354,814
118,283
4581,225
2763,954
3194,1996
2040,898
603,2212
2899,269
2056,1297
6270,1293
4614,207
5413,1192
5042,1991
4997,898
1899,756
835,305
2470,1682
2633,1702
1083,1282
6194,1731
54,4
53,1320
3366,1181
730,1410
1772,1450
457,360
4707,426
1140,730
43,1420
5904,100
4655,1884
2629,2236
3545,893
510,1962
5629,510
4066,109
1068,1214
1110,479
0,1360
123,1103
4241,1101
852,1020
3098,1458
184,1984
1686,1041
3625,971
3994,2071
2184,2245
6,1352
4177,295
3493,1340
1136,629
5111,1356
2694,1669
74,89
6422,982
5330,1737
2598,224
495,868
6468,2143
96,728
4781,479
271,1938
1858,2180
801,548
949,12
21,181
2070,377
469,190
163,363
18,840
407,1106
2376,1677
2687,1381
0,1750
754,1407
0,1516
662,20
3006,511
2736,656
6392,1592
584,564
1040,692
1021,2097
5485,559
2234,1518
2776,782
6353,278
65,852
1157,2175
6474,1223
6470,867
3032,594
2269,1055
132,815
46,1885
2300,2260
5900,1218
2296,613
1740,1602
25,562
3315,1950
259,2088
4953,771
3701,2056
1961,2122
602,1296
280,1363
4842,2087
14,373
3409,912
2305,1827
900,454
2295,1540
255,1617
6416,2046
3158,213
1241,1355
1053,1450
6,430
1840,1750
1380,48
372,575
417,289
682,1368
160,153
6053,926
1566,1855
752,464
782,428
243,1234
1214,2086
4989,802
1464,174
3775,1368
448,266
330,1984
5183,1804
1096,868
2794,1478
888,982
0,1448
4368,1574
5292,1116
1093,1238
693,1691
1383,2023
50,496
2683,2122
826,912
3350,1111
2546,2175
1883,1782
0,677
1205,1968
885,141
244,2251
1595,560
3032,2179
1610,1501
6315,1581
113,2248
2107,2130
884,2104
479,1490
3,2118
606,2186
472,1083
5412,481
5590,101
940,1075
5868,559
2481,619
3156,2232
3299,1434
1327,63
440,1792
411,1716
3260,184
6169,1175
514,581
899,579
6169,2222
487,571
839,567
2877,153
670,1113
1171,1285
5123,1907
12,32
3333,1099
4581,116
6538,830
3497,357
5435,856
332,538
596,791
1103,147
4172,962
105,558
2169,626
2293,639
4840,614
3605,464
134,544
1622,1553
3703,123
921,993
5583,626
4476,1323
3,703
6027,1302
818,1575
12,662
5166,1285
1609,1757
57,1917
2242,538
224,1670
3802,1097
339,1166
2779,38
955,412
1268,626
1050,769
3436,1781
3099,112
4456,986
671,805
4604,1833
1506,113
965,51
4977,442
4692,1531
6574,1766
2653,309
1138,1475
6,1179
2006,2158
5513,1640
1162,920
5436,78
201,217
2548,2065
2245,1402
2982,628
404,383
59,1948
965,253
1251,1882
5454,1144
5953,346
4110,1294
2753,2082
5823,2236
1857,1423
216,783
1271,198
2148,1388
5822,1046
2983,979
1640,584
3067,366
0,2140
5385,1749
658,1701
357,792
1234,581
5446,89
81,663
1760,1163
4796,1293
249,137
1580,706
744,1362
4820,1231
1183,45
2864,685
1718,836
1465,410
2819,1995
2236,926
6183,1475
4592,185
2121,1005
1120,246
4305,34
5245,425
997,1997
104,205
5196,992
4041,1212
225,1520
1564,230
1102,2219
4401,677
5,2158
4088,812
2266,1407
1704,474
1280,1303
355,838
542,1036
4892,774
3890,58
3016,968
5076,2002
3788,1557
5645,489
1196,1193
644,423
932,1047
238,2085
4255,1880
2844,1170
496,2039
3115,1681
4000,1094
2676,939
1449,973
492,1185
2031,645
622,443
2988,1863
640,1955
2580,1561
5789,794
236,1273
1354,0
4855,1369
822,15
862,278
2259,1121
6349,520
415,1818
4883,1914
730,508
1877,1941
1933,2003
4902,1630
497,1344
6657,2195
4,1764
4246,2170
143,2016
826,511
2880,640
3083,1091
107,1165
1049,1348
876,1508
1062,1981
120,1192
3368,198
863,523
2160,2142
1819,1901
1279,2058
5615,2259
293,1458
245,1516
4746,1810
4527,208
434,1930
3396,1309
4582,304
2751,933
2013,799
484,1674
179,309
3764,722
2465,683
184,184
636,13
196,1234
820,993
0,28
540,1071
5447,2010
4938,1607
4841,1512
4560,261
3056,2066
3778,413
5717,1975
3477,979
5294,2004
327,1891
153,2251
4367,235
0,587
1372,7
208,547
769,1654
613,570
5007,944
4697,1710
1787,1922
3501,1927
3897,791
13,480
4631,1124
1821,1064
4454,1361
97,1279
789,795
6014,1684
5571,1855
8,368
213,1672
3732,2027
1,252
5185,2148
1334,2045
2304,770
2416,611
6230,1046
194,288
6597,951
6052,1380
270,865
715,319
2684,218
607,1095
657,698
639,444
2275,1732
513,748
1145,992
4834,1612
811,48
770,730
336,1893
929,604
2797,423
2548,305
950,1387
0,2125
4902,1560
239,632
1973,801
3201,1764
3506,1094
37,878
200,1415
1204,321
366,2181
5419,1429
4850,1042
5115,1871
581,1572
3212,623
114,206
2356,226
3840,2048
733,1613
4692,1762
2799,1575
1312,1156
0,2001
1263,1385
5442,1644
2411,121
3336,2199
1417,1036
6094,456
880,1147
5903,385
199,1345
2865,1374
6640,996
815,1046
695,527
2284,695
1249,1532
2210,16
3869,955
5440,1034
5605,1842
2716,1995
262,1117
6172,1763
1921,1930
1083,647
473,1980
5221,325
1362,1609
0,1385
2236,793
666,417
343,993
4210,1880
166,1261
4872,525
1240,1831
2380,775
1619,827
2067,1260
743,796
1321,678
4423,34
771,910
4446,285
4859,1849
2999,1279
5564,1428
5778,1608
4994,634
1414,2183
5259,1531
465,273
114,1443
2757,2093
3331,232
1998,177
5733,1035
628,1130
6682,763
2166,1368
960,1499
700,277
313,1127
6068,1224
1235,488
297,1776
1121,1013
1514,587
120,1537
2,2217
247,1858
1623,2145
1861,484
4500,804
498,369
0,732
56,1938
4753,1656
5340,2169
1378,891
2736,1164
1315,530
4344,1165
2832,331
3580,1976
4747,1409
3983,1437
387,1468
1660,1076
3886,1136
3249,1209
5720,1719
4824,17
793,2197
893,1144
5769,2172
4836,1282
754,2246
4261,1205
2089,1722
5790,2055
2685,333
2541,1716
1010,620
367,1401
1808,135
2500,1537
2057,1790
5670,2227
366,59
4168,1629
99,16
6515,105
3237,1955
2763,1715
4283,629
5032,672
2114,512
4034,1425
834,1929
4005,787
3463,2111
136,1772
1968,557
1102,59
2397,2037
2627,1118
221,336
1771,237
464,863
486,311
2051,839
77,1949
6472,1167
3612,264
1999,2156
2935,1617
4024,1821
1403,34
735,1323
723,648
2719,1736
23,87
849,1925
48,1347
2214,470
3575,1120
3222,1018
2911,2042
11,1166
1203,2207
2324,1949
1802,2008
3353,419
4338,422
5639,1531
3427,2124
3606,1354
4,907
244,2060
90,873
4701,1575
4086,1213
1693,1944
2554,992
2900,1368
150,621
5550,226
495,1095
5603,1069
1103,1027
4831,1476
3350,2134
2431,2048
316,1465
34,337
4647,1057
2295,732
2234,1277
4008,1507
1832,835
3798,438
574,1993
3323,16
2680,1854
18,2237
273,2035
5948,2111
1487,1226
1394,187
3058,2245
131,1028
1557,751
3042,1427
107,1636
1728,1157
2331,941
827,2156
2636,102
1939,216
3512,182
1322,707
1042,1085
578,180
6212,1601
683,1588
969,2004
693,925
2844,2048
3411,49
2396,1832
1620,1161
1136,2049
3923,1691
99,1795
542,413
1054,1943
6363,1656
1456,1808
1142,1471
55,521
1637,589
815,2059
297,1224
1117,1890
123,1029
9,799
4549,1079
5008,1605
3359,2133
1329,786
343,2204
5091,1704
853,1904
12,657
5332,1765
5510,1771
140,1618
454,568
6608,2013
2039,1659
3395,144
3085,1749
2234,1246
4091,2140
798,448
4612,128
5620,556
4384,1557
106,955
5796,36
4327,398
2758,1508
1807,1081
6605,110
224,2220
4449,740
2071,641
3586,699
3054,1044
5038,61
1274,1434
1159,56
2902,2048
603,803
2410,46
823,690
30,1668
4964,900
3730,1274
271,1668
280,452
139,425
2397,846
6683,1884
4913,160
1087,1134
24,39
6294,1113
4467,421
3,1718
3739,1129
5042,1272
566,1150
165,2091
6053,443
2351,1760
3089,1294
169,1862
5253,1252
2445,1206
5673,717
5321,219
1342,1400
2155,1902
1474,1514
324,2183
4801,1423
3768,1431
2129,410
2555,2202
1607,514
4356,1418
5918,685
4249,2240
6544,335
2118,980
730,1645
242,325
5619,620
1594,1842
2713,1555
2096,298
100,249
5778,631
16,1251
5664,693
4164,371
2251,829
252,834
489,2221
431,1861
77,113
2334,1779
3375,563
3954,1484
2004,1735
6395,1291
1822,629
730,695
5603,1244
8,2261
3674,1822
4684,101
5464,1231
4814,2254
730,757
5802,1712
4095,481
2105,84
3225,1585
2281,2065
2826,1477
2806,680
987,265
1589,485
688,623
5603,882
4432,2015
5726,955
12,1003
1967,651
2709,1230
5219,1457
2619,73
3433,508
2667,66
4270,507
4857,760
6176,255
5371,1168
133,1563
3301,498
205,384
6752,1369
46,2090
6385,89
1958,175
695,887
54,1120
432,300
341,794
279,1277
3769,1513
887,1112
1744,1296
549,312
5774,622
5213,2199
4707,220
2171,1723
2221,962
587,703
604,1830
3986,117
6017,982
32,482
718,463
223,1499
1943,2119
2145,1972
2024,91
445,950
4221,1082
6691,369
4983,75
5443,709
1544,613
2003,1698
4597,700
3339,1429
6072,1588
5967,1232
5,1501
4793,1326
1351,1633
1250,134
357,550
569,1394
25,1857
256,2151
2834,1646
599,307
6168,1910
5992,2119
219,211
628,1056
2750,1085
2253,1518
5288,1702
5791,1146
2312,413
3955,1621
2143,1134
3669,2132
2874,164
3122,200
34,1602
219,1971
1129,2139
1495,639
64,2071
368,473
5180,1425
662,178
5059,604
3022,189
1115,251
6283,424
1082,1678
0,1853
5919,879
4441,1253
919,1227
2154,2222
2,1833
1766,535
84,2209
20,488
2305,2152
5307,2115
3,1966
611,2207
2955,1682
895,159
2419,1207
5238,185
1791,2156
490,1413
6198,554
952,587
1152,900
1608,1739
415,932
37,581
663,502
26,1490
202,186
1660,2240
2758,963
5472,1515
453,218
3812,281
132,1824
3070,687
2166,775
1322,1719
5074,1081
2508,147
3129,1975
3751,226
6709,1235
323,1228
506,1442
301,1093
157,983
2092,1866
3421,1201
1322,132
524,2014
2748,1995
4681,1255
471,38
32,1404
385,1258
326,586
795,139
1353,2177
2233,1211
789,2070
2290,953
530,1242
3940,948
5291,1127
1640,1551
2244,1022
2101,633
494,1039
394,257
204,1588
544,1201
776,1328
310,238
1815,206
964,338
625,1875
2097,403
22,1759
6417,1824
4812,125
1483,410
1292,1229
2784,1863
1495,1623
2716,1527
308,1280
34,779
6441,1661
2828,1365
1510,636
0,919
5754,999
615,344
4145,426
5642,1323
5,1107
795,1376
513,1411
5603,856
1839,2012
2173,652
1985,1090
375,73
3738,310
612,958
4137,216
3922,506
20,1955
1834,2225
5145,1852
412,1669
5,841
512,1053
2577,2168
5831,2172
1013,1241
2838,516
1263,438
3228,1810
6720,1221
5254,1662
1628,1108
788,2153
5557,2171
496,1826
4200,1876
2799,707
717,2043
3490,1737
2060,302
1505,2095
4294,1865
864,317
4210,896
6329,1039
1850,1824
24,416
210,2216
21,567
6615,1517
2838,708
5171,626
5394,2057
694,1538
109,769
2773,142
304,1942
6085,1532
123,1080
5612,612
2,1307
911,217
4187,1130
4708,770
1496,24
2708,556
4565,1669
3360,1084
3195,43
2645,1563
4080,1301
2863,330
1639,1334
331,963
714,86
1027,882
614,431
3185,972
3605,181
2366,1077
13,55
4783,666
2297,1863
464,1482
5246,818
4590,755
570,419
4925,154
6439,783
3464,631
989,252
1085,627
28,1751
1502,2230
5571,1233
3702,616
4321,1833
100,1900
72,1422
1257,178
6344,1917
4585,2046
1117,78
835,298
6572,1351
3241,1791
33,1127
1188,1158
4202,1366
2200,1336
6140,1108
46,1369
13,2061
2149,2153
1414,420
1785,308
457,1588
5285,2154
6034,529
3317,1880
3506,655
1261,967
2390,630
3778,2102
5277,284
3635,1195
874,329
3540,2170
2209,2256
6744,1677
2500,2141
3722,277
2,381
3087,877
2443,966
4512,416
2495,384
1846,769
3074,1139
2803,1552
57,1626
243,5
4338,1913
3884,450
4893,1612
1825,1063
5480,2258
1657,162
812,1020
591,1219
183,1288
5957,3
163,814
5754,153
3603,1185
2141,431
5338,1046
460,1996
6304,1326
749,476
4577,82
2368,604
203,1880
6062,1069
296,841
1312,1160
1625,1786
4444,1766
3456,643
3453,146
4638,40
3571,310
2263,332
4883,1657
3880,551
1425,52
3928,2253
221,1426
88,562
2645,1975
2860,2139
2381,736
1282,714
3671,1121
352,1348
4244,1161
8,1539
138,1637
1438,761
724,1344
99,1950
912,835
2901,1817
3236,299
3374,213
2648,913
2174,737
3130,1123
1166,564
2965,1961
171,1220
4275,1024
2820,2142
604,1138
2823,1413
6416,2060
181,811
1134,581
5293,302
4546,291
1787,1363
819,650
921,1633
2876,1853
910,1731
14,1287
657,1693
1578,2000
5866,1300
2783,771
682,629
258,1922
426,857
4190,468
99,487
1056,80
204,1108
3246,181
294,1636
10,1039
134,1711
367,436
3162,2008
1785,1169
383,535
1541,1402
2070,2048
5125,2007
639,48
846,2089
1147,755
6087,366
2871,540
6161,2008
5521,1255
2424,552
495,847
5218,619
5223,1187
7,1740
2516,1812
2196,606
5888,1825
264,1048
1010,901
589,1814
898,890
4781,1365
1016,1444
2043,2043
5740,813
3758,1321
1183,1572
89,1354
6,1921
128,1737
33,599
2355,276
2385,1609
1446,2178
2526,1196
327,847
3480,1807
378,1144
1726,1666
2599,1417
8,1519
68,678
1233,871
4608,355
3283,1866
2363,920
6161,2026
14,771
4141,439
4774,2182
4886,1824
985,607
5049,389
6105,1786
11,1165
69,1910
629,1331
35,1444
1487,140
8,25
1723,215
41,922
673,1848
3978,1609
445,405
152,2138
2658,1045
71,18
5866,1513
31,374
3568,1908
4710,1685
2696,2206
2098,1020
1014,63
6183,576
203,1041
433,1098
872,203
6263,1243
870,533
842,1926
4042,2248
666,1489
5755,1290
778,2039
3089,1793
254,1222
3538,1778
2904,658
3177,317
4668,410
585,1105
1579,699
6138,1987
2513,661
1248,325
545,1796
3792,1807
104,1678
5,744
5486,1641
5970,67
5814,1932
2304,2147
248,189
357,1688
6449,956
5862,1596
1943,1751
4061,2205
182,1406
745,356
4232,1843
1643,1108
413,527
225,249
6206,1343
2068,1471
4755,1649
58,473
4923,625
4342,2225
5298,1436
6446,629
205,804
4359,1341
3429,1987
93,2068
5749,1634
1822,1437
246,1622
3074,419
6396,1882
762,3
5642,310
3317,170
2211,297
5978,2183
5825,1340
5784,2224
1359,1300
259,1711
1250,1033
4223,1912
691,2234
6195,666
1447,1507
2540,1482
1111,1197
186,205
52,2097
2102,1136
3808,1587
3538,852
1035,2119
6424,1633
5980,2041
1940,1024
1652,1161
33,1668
2534,294
279,648
3263,2196
6484,952
942,523
7,1698
641,1803
911,1285
5044,653
4561,736
1497,121
3314,1585
995,252
4062,1815
3416,1558
6679,1509
628,1710
433,1734
6265,1502
3106,1181
5566,16
5707,802
2827,1526
3914,1857
1581,2255
2206,1062
3597,1929
716,2178
5557,388
5274,1127
3267,1739
3576,786
201,2041
139,1158
3687,86
1734,806
6623,1459
5405,400
2191,1727
1917,1413
1865,1185
4296,288
1093,1673
3835,2065
2039,1756
2345,2147
5544,1931
3999,424
2075,713
1354,433
3331,1126
288,1226
1800,1119
4075,832
182,1600
4660,1418
218,1301
1671,1987
3012,450
5652,93
2518,812
69,2078
3567,2153
6243,1085
5971,1010
2,1252
658,846
406,360
6360,2209
904,1529
6024,648
3488,2242
5655,892
1104,609
12,1549
1126,121
2367,750
4750,1208
3007,858
4766,1921
34,1988
4350,1655
119,1834
477,1592
55,38
4947,1577
2788,1060
689,1178
2970,2090
2237,1586
3828,1600
3010,432
159,677
225,613
1266,1549
1991,1460
3226,659
4435,1621
755,1445
3484,1171
140,1792
1846,1993
3997,1710
1996,570
1960,1203
5308,690
1096,580
4732,2026
3211,535
0,76
69,2237
2699,1182
4192,1777
680,1231
1581,1882
24,624
5624,820
2168,953
3,2070
5765,1390
2540,1831
4627,1059
1703,163
65,1919
4348,1212
3793,1439
5509,2205
244,87
2052,778
5329,707
6746,487
5916,124
5533,1826
3740,730
3479,2172
21,1217
6287,2047
1274,2188
2160,698
1364,1678
287,1455
19,390
1754,1825
281,1940
6258,235
4517,1106
3128,2092
905,1907
5829,151
2307,632
1593,2057
4048,256
2197,1364
2892,846
789,1168
3119,674
116,998
1871,905
640,719
1364,1854
1283,883
4161,216
4043,935
274,1195
279,1132
4652,1063
4909,1545
1081,406
2291,791
5974,1378
191,929
4455,1484
443,497
141,497
2547,403
6557,2212
104,1890
2998,699
3883,547
479,154
102,582
6387,701
47,1521
6455,1964
1392,1844
598,1681
79,2184
2120,1811
6226,1100
5629,330
5847,609
6434,719
1579,1841
6261,365
4179,1219
766,2089
2211,2094
1983,79
3581,1881
1284,1610
550,1837
650,730
725,1595
4211,1706
591,1722
6205,1010
3172,1383
6302,1603
2030,973
38,602
3574,914
2269,2251
2392,1498
1104,1392
6633,56
364,1231
1,1329
4018,163
2849,2142
508,1693
4073,1461
5784,254
171,1593
521,143
2465,324
6028,772
3262,865
6419,839
23,1277
2709,2161
132,887
4486,1385
4786,157
5,1813
108,602
4348,2153
174,506
108,1240
3378,509
435,625
5822,2163
4596,1001
5293,2219
1068,1474
2799,1158
70,709
216,1182
984,1620
512,112
2738,1278
4579,792
2462,376
1664,950
5068,930
3601,1064
2828,1651
4726,2022
6616,1714
2768,1263
1329,1936
49,914
5495,2109
1814,251
3617,1908
535,784
1461,1370
5956,2166
3,1082
3533,2216
3875,2157
284,286
5340,1052
152,1739
402,1504
1748,1627
5683,1239
2405,383
3117,943
2534,1009
206,1391
5308,1794
141,2150
1477,740
4103,503
4726,526
2541,931
927,574
3184,2133
6312,1976
3776,1076
19,1208
5405,1785
256,329
419,2006
3625,530
2123,1593
5632,103
5607,478
2249,231
898,1358
5942,1493
1717,1967
1305,1283
3956,420
1143,1090
3804,2002
279,1172
5385,1253
7,632
2122,1742
4662,1672
567,1312
448,1814
3546,745
6510,2093
4408,1529
1,1737
4295,1889
1828,823
5993,1359
1627,1645
1052,763
109,1129
5947,742
3420,37
126,1207
3100,2167
3042,356
1531,540
42,2222
649,2032
178,2033
74,974
3546,1191
5323,25
2079,435
2237,1034
6066,1244
5869,533
0,1021
3115,1126
40,539
9,1863
2076,630
399,1538
507,565
42,467
151,530
1359,904
6014,711
3275,1201
132,2128
4508,1284
1169,979
79,2072
160,1208
1424,289
2708,440
1869,723
3860,1323
308,1158
5801,1460
5303,2116
2611,1173
6205,726
830,2083
6575,2136
664,1644
233,357
4690,653
1537,2140
2362,721
5767,2008
2809,665
962,117
440,861
6124,147
57,174
551,977
1811,745
4213,260
625,475
3170,2254
1647,1242
1662,1195
1944,2000
402,407
5338,461
406,229
653,1666
704,1525
3101,2133
1626,42
5576,1990
1547,797
0,1835
1886,940
696,732
39,1396
888,1750
2322,719
4919,1946
81,993
4596,1554
3402,1187
3493,646
4372,1218
156,2011
6543,2105
2284,1163
1407,5
4261,1562
1157,1797
504,1772
155,1583
830,2172
6495,695
107,387
806,1742
971,932
1813,1739
6456,678
4978,1030
3344,61
951,444
3805,1291
132,2248
6741,2056
4093,819
1052,2084
2055,2059
5714,983
630,2246
4805,1084
6354,82
515,2229
2361,906
3719,1658
170,483
891,479
281,1361
6432,2036
25,1425
4808,534
5985,1724
5627,1485
336,536
4314,2090
1247,1524
5368,969
4474,1478
4596,1852
475,1388
4245,1566
1264,2019
647,403
1818,2228
607,1066
2775,1407
6338,1648
542,1371
282,1811
5114,793
366,169
4817,1453
39,1506
4978,1466
580,2157
3577,617
2315,611
216,1287
6343,1731
4558,546
416,304
1390,804
401,1477
4236,2224
4158,1588
5917,1299
3329,820
2779,1618
161,1244
831,1314
3455,913
221,161
1039,1820
2830,1440
3848,22
178,1412
198,610
4406,17
1358,920
2761,1051
689,1177
30,1826
6074,619
3080,1206
2850,1467
978,413
73,113
186,882
1183,1814
1763,1568
6665,1125
2017,795
3679,2062
945,1161
576,141
1935,1572
3054,1002
647,404
6340,1537
1159,604
3647,1058
2491,1437
2581,212
4779,1145
4781,391
1663,386
1432,1286
6024,1045
5138,2011
4526,354
754,1637
1818,1472
1109,745
2580,1439
1218,957
27,1445
72,1662
1099,270
3165,573
446,590
2813,1129
1560,2152
107,572
769,1911
92,1289
1471,1726
5124,1852
350,1720
1680,720
4524,103
2,1629
1771,2123
5790,1149
3911,253
49,1299
527,1874
1874,1630
2259,1670
345,1883
942,1048
300,580
352,1030
5013,1604
6194,177
202,218
1360,1422
445,1305
969,985
4796,1460
4305,2014
5357,889
1999,1704
0,1103
249,581
1847,1893
8,1510
263,129
2142,1925
403,509
866,459
4982,1552
474,62
2166,1555
291,96
21,865
263,323
214,1227
326,1953
3245,680
189,901
1900,2022
2802,2146
1357,577
546,1727
6530,481
945,1409
3136,1302
119,1456
3202,2067
3455,140
4259,10
590,186
716,756
5339,1535
3139,2247
433,787
3538,1705
2571,1141
1909,1341
4583,1478
526,356
2384,1980
14,2083
5198,290
2474,899
753,1350
4698,2197
638,1842
2376,121
383,907
17,917
3261,2259
1792,1766
437,1005
3980,834
2357,914
2405,968
2576,16
5786,1191
524,2180
3051,1952
2363,704
22,1685
146,1634
695,1800
1016,1460
1494,2179
228,1413
3744,1182
6029,883
1390,1549
581,624
1153,1045
709,1659
5911,240
375,914
1120,57
2578,2190
2759,289
3535,1381
2443,889
132,997
2143,1934
122,244
2693,1025
173,363
5068,1305
1057,354
337,977
1329,967
227,1228
5579,1243
3636,1955
1641,112
2878,103
4365,283
21,1612
1461,1480
3273,1432
2542,743
2596,622
3808,1804
108,1349
5,74
1251,497
178,1955
343,1350
3884,23
760,549
2124,1896
2475,284
1254,1712
3276,1271
4088,21
2422,1948
1944,832
1902,1398
1293,731
2074,1307
1847,416
2884,1777
5086,1840
1160,219
1539,1863
130,2064
1858,325
1387,473
6073,412
1317,550
5870,1603
966,225
1208,2158
3647,144
567,2106
6371,853
1548,742
333,560
3057,1987
3917,18
2852,1326
4023,1778
1791,2241
5766,309
4284,1118
6355,1938
90,1043
2699,13
6605,1534
5828,1054
1289,2200
3283,1997
1196,391
3924,474
2824,53
1247,1233
4679,1788
642,1430
5514,821
5397,420
4011,505
58,187
2509,1513
1581,1578
6672,1985
3330,1686
1790,352
5735,209
3439,1438
3834,441
609,226
3056,1682
1002,1472
3386,1192
149,679
3019,1763
4786,383
5668,673
3100,273
15,199
6292,1417
2933,769
1758,1985
492,1488
6470,94
18,1500
3692,695
867,1474
4,1862
1144,64
8,1828
3373,179
1701,1711
2365,331
4148,937
116,661
1167,13
4573,1548
3529,1021
3813,2223
2175,437
1633,641
1626,2178
1431,608
5710,1583
6149,1020
2296,1067
6151,1988
5014,1981
504,1235
2839,1568
1757,2052
1566,514
27,1670
2593,1208
139,1188
5337,308
4674,776
3555,885
4785,378
144,489
4964,1173
959,1241
1552,1405
2863,782
196,828
180,1996
6679,1951
5168,665
5217,847
5841,2102
264,2017
171,1735
26,2026
1,1066
3612,1080
141,1728
614,1693
6391,197
2510,720
958,559
3336,498
3223,447
147,173
1662,208
1414,429
1143,2120
13,223
3967,1636
2863,865
1678,1984
6543,371
2591,1718
1361,420
3211,1492
28,733
4928,876
2151,728
6344,228
2622,311
6753,376
477,1245
3588,2170
529,2228
6411,891
1807,263
2204,67
294,970
6497,151
6263,1071
6101,2188
1265,1298
8,1296
78,1481
3923,2115
7,178
3448,1767
2467,1226
4315,1767
800,612
1401,428
2367,837
211,114
5628,761
3715,429
821,2020
1241,289
188,689
4917,1603
265,659
2470,1605
3566,1365
91,704
6457,809
3526,1467
2814,2096
4236,266
6504,298
3078,892
1749,378
2933,778
2948,1100
5251,1196
86,809
2007,1730
4564,737
1828,1150
1303,1289
181,625
5912,169
3835,1615
2986,1409
2441,205
3629,2032
2687,414
5958,1256
2156,1267
3923,933
5531,1501
8,758
2943,1823
5784,1425
5512,1371
6486,260
2636,1368
891,1203
6,1440
5817,1402
3818,1738
3979,1941
3080,1026
4757,2089
4298,1717
490,925
2977,43
1408,495
1758,877
1860,438
875,2064
1874,1194
488,1520
6551,1575
173,1541
425,995
6587,665
4862,932
566,1210
2121,888
1299,421
864,2129
5064,1219
5239,1867
4569,1994
3530,749
4155,739
4073,2053
160,1251
157,2189
1167,939
5610,86
4072,272
1284,1286
23,1988
97,1238
2553,1724
6288,545
5706,1332
5552,1759
4196,2043
958,802
6266,599
3432,1462
1215,475
6436,1201
5434,1121
5301,1761
1568,453
4481,2247
2666,1886
2344,97
2821,1230
2368,106
5885,540
556,931
94,890
187,693
1352,178
6339,357
3763,2063
6564,1975
1206,821
331,195
5042,1
2554,905
1332,2007
5775,2107
3322,1057
2883,401
5451,294
5492,436
6507,2049
6314,1394
5,1524
1799,2035
4748,2187
6304,943
842,1597
2929,1898
23,1130
1272,226
252,980
802,258
3336,2042
604,439
673,404
5835,2150
5226,1171
3508,179
4160,2005
5328,257
1717,560
2564,1072
1498,1161
13,1380
3617,1650
2153,357
4634,526
106,68
6127,1778
195,411
1789,2208
2584,1361
324,1476
3528,19
1483,356
3018,132
1392,2234
889,1207
5,1606
1685,1009
569,1553
4735,950
5199,268
522,668
1058,1793
2885,666
820,74
2071,1777
4102,2166
2789,336
5905,834
5975,1208
1457,1707
185,38
2624,808
4001,1113
3228,608
4858,237
6657,1027
5058,1215
2962,405
5002,2044
2738,1208
946,1329
5617,1549
2414,2142
706,142
5692,1969
1237,1683
1843,1774
1141,1944
3948,1751
2,344
5868,576
4945,2188
3702,685
1025,1651
1588,1341
2845,257
0,2083
2236,2173
3314,1608
202,2225
2053,527
2191,905
4919,2147
6489,1311
2198,603
4612,1821
503,429
885,1745
4147,1280
550,2070
1904,1338
1067,1814
0,1706
266,580
1016,727
1160,2038
3923,1406
80,829
3514,391
3843,491
1339,39
4974,124
6131,1506
2386,1601
79,1988
1359,1255
234,121
2862,1619
1536,1307
287,802
3459,1781
1128,11
2752,1949
71,1200
2286,70
5389,2229
593,1115
82,1510
2012,911
4890,1544
3937,987
2023,2008
2929,869
2356,1847
21,748
4577,352
962,2084
6020,1773
1331,2127
4360,524
2088,314
5844,504
4237,1840
1093,473
29,1034
3347,592
2591,291
866,149
3209,1866
8,879
3397,834
1016,826
89,507
2126,270
5373,2241
5421,700
94,1926
243,483
4091,1444
1388,291
2156,1764
3988,183
29,517
4,302
14,1176
1892,2183
6018,1126
5,1117
29,573
6063,1209
5459,900
4225,1401
1849,364
5003,2230
5842,806
2403,1953
2213,112
2911,1862
117,1251
9,1976
421,384
1878,502
664,166
3064,1938
652,1151
3894,113
3215,1854
445,31
4242,2104
1795,1110
10,1688
278,1280
919,1812
534,899
846,2104
43,1094
2831,1873
414,315
4715,1287
4784,1945
4922,2170
2637,682
3392,1313
3070,503
3280,215
290,1509
1707,270
2335,239
4027,800
749,2136
5915,418
1038,2130
1747,375
5131,1038
498,160
880,817
4204,2165
3976,455
1282,1120
727,966
5262,417
1735,671
714,770
3,109
10,2195
4147,2007
1633,2059
6383,1366
5387,1955
6092,1714
6556,602
441,1042
27,265
6008,411
827,1712
4410,1293
4525,1363
273,1457
28,1447
116,2156
6150,1627
380,345
13,1317
2776,793
1474,1277
1700,1209
2145,1470
368,1934
104,1688
319,182
530,2149
544,1281
5169,1688
760,630
1266,2
1024,1754
3229,756
2700,1379
4291,2
4243,1585
109,1310
9,1610
1963,545
6128,1491
1640,1233
266,2056
1737,1357
264,1998
6455,2196
351,2161
2469,225
275,1695
646,604
4570,1541
3051,390
2251,215
969,1316
3293,259
1215,1533
2468,1135
1177,1187
558,804
2455,288
3916,1718
1515,1835
1190,674
1684,1718
4832,407
380,1599
1999,1659
5602,947
1024,539
1134,2169
61,1951
568,1101
5459,831
951,332
12,38
3246,1508
2858,105
2634,1086
4165,231
216,1127
3047,1424
17,1042
6400,1061
2404,63
1507,1548
672,460
15,1336
3015,1138
641,1634
3361,1162
2858,1472
1513,964
1620,1107
1048,624
929,397
948,254
399,918
5025,175
2946,1823
2456,164
5386,1524
764,2159
2729,1753
818,1566
154,1761
64,1376
1213,10
3690,1550
1613,1543
923,1600
5659,1384
841,684
559,615
6753,238
1455,86
5028,1264
3430,123
572,499
628,516
3766,1980
1607,2260
4349,533
5341,1881
599,2216
4513,2034
1860,1741
469,511
3295,1724
283,2040
4364,1558
468,509
159,1666
756,704
949,1920
1986,1467
3205,1933
3718,2160
4445,407
1632,934
526,10
74,854
2383,2031
2683,767
1455,2166
56,1097
4527,56
3071,1426
3996,864
229,1942
1031,1027
2246,622
1012,1697
5178,441
1330,645
3578,663
2632,153
480,1891
5797,1320
3,2102
28,1550
3,1130
2110,2162
4761,35
3830,14
1,1367
983,1834
124,2122
5228,1262
2864,1571
3107,983
3306,536
2110,372
4455,1684
2,688
679,1008
1591,653
4350,2191
6683,158
1079,2067
1427,1631
2250,1631
3353,2025
1109,1003
4078,1439
218,1436
3034,663
1484,1873
5561,362
1262,341
35,1887
2889,219
6562,1855
6410,541
99,1063
6676,112
2912,253
414,1510
3022,59
2,601
3289,382
6607,447
2342,1627
742,1853
1863,370
847,778
5047,1683
623,477
895,773
2534,2202
3643,1518
2826,2221
369,16
2,1450
6649,1666
5194,56
4376,1477
2939,1905
1360,1451
6524,1565
2810,1351
1,384
1014,1146
676,647
5820,300
856,1383
183,2032
3724,901
550,1481
526,1207
5610,2185
6562,1887
1520,2078
265,866
202,1055
199,354
873,2249
6353,1411
5412,1460
130,1519
31,776
6735,197
455,50
162,1833
2391,1751
1328,1390
107,592
2,348
2219,1293
5276,1259
2508,253
280,1370
6034,1477
29,1975
17,1867
3,1900
3499,1826
1675,316
4689,1879
3187,1639
6521,736
427,1491
4422,1205
760,369
902,913
1647,623
1068,533
4181,551
253,1028
102,408
3463,23
445,1847
6024,107
45,773
1450,1962
3,2191
808,1698
4745,1097
6244,881
1758,275
1080,1601
793,1029
226,506
314,2152
1068,1209
785,394
5676,792
37,1971
533,1055
2127,1539
3010,2092
1909,1538
999,2028
98,119
362,2013
4989,532
1608,1266
237,1943
182,2181
3759,1948
1573,1464
4405,1629
3199,1560
480,1971
5,1838
26,1270
22,2045
4299,1226
167,368
4120,562
3845,860
812,703
88,1086
6737,1306
5006,2030
813,2012
2175,843
5859,864
1202,136
4273,2054
68,1554
408,1765
1617,279
4091,1778
417,720
375,1623
3642,720
2120,52
4037,1629
763,1207
5329,867
1014,1094
1068,578
3432,997
215,495
427,1021
433,1375
1421,192
6458,1316
61,1737
3051,1308
1233,1757
5004,1452
634,675
1407,1310
5805,770
509,232
5581,935
2316,644
255,1977
438,1090
1773,1784
173,2239
458,1793
531,2120
3141,1466
447,741
646,206
6219,1821
2269,2254
70,1260
6743,175
2576,829
6407,1765
2343,1774
333,1352
112,768
4096,2014
1140,1485
3004,245
746,2102
797,423
2279,575
5960,1105
4973,476
6557,306
22,2030
3100,637
4418,1097
101,1778
5776,1773
3447,843
5865,775
784,97
180,1005
1372,1186
1804,1889
3664,1415
2019,324
172,1330
3886,1697
3551,104
3594,2224
3716,1671
3302,1409
1499,472
1919,1503
4056,51
3846,1645
1547,1690
1865,1870
3074,1859
1099,560
1711,138
242,1256
1928,548
0,1719
532,1507
633,2072
3434,2040
3727,895
3047,453
193,1428
3960,327
0,2040
5811,2008
5558,1373
1172,1396
2052,283
27,1816
1169,1025
771,107
1936,1493
6507,158
1123,1299
6663,1602
6344,189
2676,2214
51,1677
2242,333
396,1404
272,1874
5227,1958
5130,546
54,2022
440,2241
2786,2228
5388,1428
2631,359
181,1395
4307,979
3181,1650
2775,2060
850,2073
851,559
645,855
6162,1111
165,1890
4457,2191
1229,1107
162,683
4999,836
5094,1293
2076,2059
4215,2073
1308,433
2494,731
4632,293
170,1229
2202,502
537,994
754,1911
1391,1733
3252,463
5301,257
437,41
4385,1072
3532,726
279,1974
22,1085
2537,538
22,1024
4561,958
801,951
94,1189
1243,443
5744,1622
29,2201
1035,195
2194,1605
5067,1397
614,2168
5906,2104
486,1200
3447,377
20,2156
4383,2238
257,2203
473,2155
4954,2147
4187,1454
1742,460
1640,1944
6,5
4561,2011
402,1677
1087,118
3912,1855
6493,2163
1700,773
2132,77
1087,478
41,548
5823,1804
779,1356
5160,100
2008,565
5125,1574
367,1722
160,1241
3455,1467
991,638
973,350
277,575
1238,737
4199,1442
641,1413
721,1364
6095,942
549,737
2541,412
2194,1894
2083,1640
394,2036
1132,1028
31,1262
412,1172
4887,1760
3824,1155
5292,847
84,63
662,1431
2774,347
571,1481
3871,96
5779,1442
89,612
3224,1331
1793,1587
409,2046
201,1965
979,70
3893,710
2082,2169
1288,892
1486,1106
3191,1932
3890,327
198,1717
4605,704
53,216
432,1797
70,2157
3993,1798
2259,619
6121,851
580,1648
37,1612
1718,136
904,1404
4309,816
5386,2209
863,1077
6492,1922
4333,1424
4130,1158
4752,1827
0,818
6210,1902
16,495
357,2206
5121,694
1272,896
3478,110
12,29
5300,235
4136,956
3685,632
145,1419
6587,1855
4645,1498
1089,1556
5810,550
3199,970
2536,1371
239,185
915,703
2135,1788
6709,1185
2533,563
1024,1859
5449,1256
5426,936
4204,2004
2216,177
5644,252
4093,1310
258,1952
553,1520
1423,481
1754,341
2654,1538
181,848
4232,29
3523,361
6349,1978
6528,1223
301,1560
1046,177
120,1730
29,1034
3458,19
1934,189
4517,769
3,656
2402,503
1762,1639
808,236
6176,1536
365,82
5872,1965
2845,1053
2090,1447
5799,369
892,258
5106,1315
2995,231
2259,1252
2664,483
4577,72
0,1090
30,438
869,1680
3309,1277
1383,2101
6,543
2498,120
3871,2149
4491,638
3886,97
5292,430
2329,1670
4790,564
3327,1966
4723,610
107,518
1053,379
5441,2142
2627,407
482,1626
2877,564
206,748
4167,1249
6390,130
989,518
647,338
1245,1934
3762,12
4651,1467
4948,519
665,1010
2083,244
971,432
3076,1300
3957,1526
17,1542
4106,1858
1376,2165
2141,1124
6746,2228
459,128
2006,281
162,422
5524,1161
1319,1177
1352,557
6574,669
5594,2246
6220,1752
1032,2225
118,2257
179,1305
1741,1619
6119,118
66,1357
28,1934
4478,709
1512,1747
4095,1681
5340,133
2147,1389
1286,1975
1294,397
105,655
2165,1420
2711,1902
5804,236
4016,1809
2975,906
35,1009
2284,202
560,2223
2151,1287
595,1171
2012,1325
853,1850
4764,270
4323,2130
6034,1877
2824,800
912,1249
3332,432
2282,1118
4939,1047
90,119
2986,1824
3871,2122
679,163
980,1499
904,547
359,875
1931,400
5683,239
5933,1701
1706,2145
2783,1709
21,1806
2931,429
2865,77
2061,1673
1980,134
637,1710
3100,2103
943,1499
2118,1644
1374,302
36,118
75,774
2203,1404
296,1552
5486,1697
139,460
921,1888
6747,833
3557,2153
3654,1358
4559,390
3868,1915
586,1916
5101,1702
6110,2236
363,2197
2197,1150
4339,966
1265,1971
76,1523
3016,1747
2879,1467
2669,651
715,1810
2066,1666
4739,1944
5108,2229
6,1864
5301,935
824,1379
5278,1563
5335,1606
3819,2068
2768,1174
45,702
4992,26
2860,2215
15,33
26,1419
5652,607
2212,1096
4523,1605
1195,1793
5614,827
747,1925
2140,743
287,1670
837,1471
1101,711
2180,37
6320,583
2158,326
912,908
948,1105
977,2140
5923,953
846,1699
5173,59
133,1505
62,979
2071,109
4444,501
1461,1871
111,271
351,2155
640,774
2765,715
4968,97
2263,2070
1377,1766
6481,426
4329,1196
2117,1571
4819,1171
3785,583
2922,667
1758,660
117,1493
3890,2019
1279,775
3526,523
101,2187
818,335
2618,402
925,1002
2092,1992
3576,742
1844,1709
5009,1173
871,1993
870,2154
4008,324
4503,2097
1598,1292
2089,138
1326,404
164,2182
2155,205
3574,1576
1730,2237
263,1858
5069,1915
966,646
2869,1057
1196,1733
298,884
1249,726
81,200
6377,1270
542,1867
5374,2148
4767,841
2852,171
3267,623
4231,2018
3855,1929
6173,1100
298,1302
334,1994
2105,2104
5649,1870
5022,1740
6516,1765
680,253
2070,1241
6180,251
2902,1357
512,330
23,2127
6453,880
3612,653
277,2233
3051,609
298,776
3737,2147
3145,1810
1315,1725
1409,360
33,752
53,809
271,2008
5496,1115
1785,566
2205,1883
1519,1733
2831,1007
1951,1175
6565,692
564,1013
416,793
5401,1529
2038,916
1763,1239
4140,529
6727,720
6325,181
2293,612
795,1548
3775,2244
88,590
60,16
1805,778
6311,1628
5324,1250
5250,2175
1995,1182
1118,1440
5933,2252
560,1896
2554,1161
2659,1465
928,1716
6576,834
341,59
2279,2001
6251,277
5194,533
3302,470
6410,526
1050,913
2452,1031
7,1582
5807,1659
4461,1385
543,1591
4454,93
2436,1846
5507,441
3015,1772
288,2192
4477,700
560,1001
6252,1597
778,1525
659,681
2487,306
5879,1146
2708,783
1245,1862
1278,2207
173,214
938,1431
3300,1054
1437,2022
768,193
5830,569
246,1533
1242,863
290,1492
4390,1987
2561,1074
4894,1621
3720,407
1346,704
2286,347
3057,1076
6115,629
445,825
3398,204
336,1546
3988,677
11,148
3258,296
3135,1731
824,192
5892,738
1196,149
2646,8
168,1736
2779,643
2430,1960
987,1230
3132,1905
834,182
2375,1056
116,648
1649,953
4632,896
1859,1217
860,2124
2934,2147
6172,1491
3193,551
6058,1036
5582,2095
3768,1174
4419,2157
57,1974
3611,1707
13,1304
892,308
182,1770
4070,1964
30,1447
219,1761
4750,614
10,1903
2176,303
4098,1605
2703,1166
173,607
6367,365
111,1990
1534,1005
872,31
3420,514
1175,1261
432,668
1074,1049
1122,238
580,1389
4221,1264
6222,933
887,596
4010,81
5219,38
649,435
2987,1732
2139,1814
961,1337
3266,963
4834,1070
857,1503
4,16
292,1003
860,234
1301,1071
219,1925
2722,2097
514,1775
1469,1946
965,268
1725,272
6743,1396
2154,1335
590,717
660,129
38,1157
209,1696
6395,355
4163,924
864,1116
16,240
4251,1613
1222,571
1141,800
4580,1931
805,789
1378,1027
1,910
2783,42
756,1354
32,2204
3394,511
1157,1038
330,1757
327,165
4242,758
150,1437
1038,2237
5571,2239
4577,1142
4934,1756
461,1533
2429,149
1515,286
18,2007
1770,1808
4954,290
4214,514
2373,1580
3430,797
597,42
363,2042
3790,1468
151,1696
8,1420
6179,1211
2923,2013
1438,19
906,520
194,899
71,1813
358,1924
3583,869
6602,2088
6092,1244
176,1419
1969,1490
4188,1721
3826,715
4742,559
967,1506
5317,1904
960,1371
2770,2220
1477,124
1249,304
74,667
394,1586
1291,2072
3238,1472
4031,1424
3298,2016
395,224
445,1289
3218,1959
2784,237
56,1242
2449,2173
435,1279
5752,861
397,476
5917,1584
1506,2124
1593,1853
2082,635
4570,52
5079,1600
5659,1151
2640,426
4032,609
2881,95
4254,635
6056,1422
2880,1597
4622,2073
4928,1650
5814,1557
206,985
78,1064
2636,104
5197,1507
2393,387
214,485
2367,442
987,2222
600,1177
2153,806
33,2165
5505,462
15,922
1342,311
1283,1276
1984,1440
2656,1914
3085,1111
255,2081
4591,2238
6454,1885
3858,557
5386,770
943,1062
1451,1459
665,239
2398,1732
3539,2172
3085,1771
4596,1703
3629,1309
450,249
469,1803
507,1926
76,1136
34,1152
5631,1057
889,562
5097,136
1974,1217
5722,1934
1309,1117
500,982
23,1169
5220,47
1244,696
4128,381
4229,1991
1342,857
221,1878
2939,2092
3766,41
248,2253
6585,262
5135,1246
4892,1793
5128,1177
3547,1846
409,748
2647,1027
3853,1261
608,2233
6430,766
46,1488
229,1826
6001,1515
1403,229
28,2229
297,1996
5280,2172
957,1021
2712,2003
561,1335
76,587
4533,502
2734,1508
63,319
3907,1389
5723,285
948,1916
1981,208
5313,45
3601,2169
278,488
2524,55
5929,444
92,669
401,1
434,311
1118,728
1074,385
4229,604
3742,1637
4771,325
4732,497
3848,1056
2383,713
2531,1992
770,367
4304,631
97,2051
4914,544
529,2214
3106,446
4543,52
1530,1633
5994,905
6430,2198
2536,1778
2977,252
1671,109
6032,651
3901,2002
5461,1710
554,622
6024,1217
2969,1960
2579,258
1575,2034
2964,158
765,1400
375,1188
6407,931
87,910
40,195
619,745
463,961
6105,987
4868,599
5864,259
1,2022
1143,2173
34,174
715,190
2389,1784
6433,1386
5543,599
2083,1339
4959,2021
249,1907
3173,1681
43,928
367,2048
341,1889
2924,1668
3804,785
299,145
1491,590
1538,470
208,1582
2269,478
3958,780
2409,1204
316,621
755,2025
2018,1773
4145,1788
47,1571
1412,1926
1042,2036
5062,1425
3603,1179
624,1155
1519,1019
3929,1469
144,1508
3517,191
86,1819
6274,331
3597,699
14,352
3444,907
924,1846
6018,1410
5844,1417
214,1631
4780,1088
1477,396
4007,104
157,803
3790,671
5095,1718
13,227
6381,1810
531,145
1215,1787
1020,2135
51,1987
2330,796
48,929
1764,1752
0,877
5507,1987
41,1658
5780,1649
6160,1477
1915,675
2601,1837
5345,408
1745,215
4021,218
4984,1793
3269,2234
1702,1713
206,2116
6193,69
931,841
4384,2178
505,578
940,1904
3221,1265
2211,75
0,1076
3650,2252
142,596
3726,82
2,578
134,1736
7,1520
379,2140
1631,675
1100,2122
1254,1510
3299,1387
2876,392
210,1485
4673,2165
4000,1439
1681,1408
5069,568
789,579
3316,777
1528,72
902,877
1117,2025
117,721
831,260
1163,1956
1419,364
441,397
6060,499
1004,1729
6540,1208
2032,1368
5337,823
4163,897
129,1976
2231,1653
5389,338
489,2037
4760,2104
2067,175
462,1043
25,1409
159,874
1162,648
1971,250
5424,944
5343,378
5698,1898
1151,632
609,1838
6292,994
4991,880
4503,873
1573,1562
428,989
1829,1662
1904,1452
2865,262
152,2038
5823,1779
1461,101
4579,1436
1494,1586
3418,1170
280,2065
3497,117
6132,1522
420,1001
4107,975
513,1345
4523,181
354,1656
3733,2115
1369,226
5571,1845
768,293
2752,1150
5796,2236
1,791
1526,781
2369,441
2071,2203
936,270
2702,1659
2621,1699
409,1307
5262,467
1924,1183
2918,1995
4576,306
2273,1168
221,1685
4362,980
444,846
4682,366
3105,1760
5484,1797
5521,2186
1255,486
5045,67
2969,655
5762,213
811,1734
102,20
1216,1891
4019,1194
3568,1413
1240,408
3992,1026
721,1324
662,1087
1254,935
5307,435
4599,1632
5638,1146
2800,1359
33,779
46,188
1615,507
6011,160
343,627
1408,1267
3010,2135
5015,1378
5157,927
1829,918
1066,1246
5807,1813
528,985
92,968
1390,735
2548,2113
954,2243
4394,1997
742,438
112,1665
1111,1199
4080,1783
6017,2227
90,2041
493,1489
1826,658
2175,1406
358,1643
2547,2247
4687,2059
3283,1866
73,1581
3463,1725
5786,1873
4714,1673
193,746
2645,1112
3534,2251
164,1749
8,153
2494,2068
5342,1434
592,137
5401,402
110,1652
2244,1696
980,1734
2395,115
3830,75
2727,1986
4965,1028
3123,108
441,809
3531,1056
6301,276
2922,429
4474,588
1405,292
0,436
1425,1500
191,1339
2864,1393
2918,978
232,294
76,1573
5146,2160
1016,1351
2453,1825
1069,1673
3427,470
1109,2040
249,1293
1378,357
1505,1809
2253,737
3558,1912
6122,1004
578,945
1101,1579
1577,1290
5404,1121
6742,2247
683,952
1544,1311
5303,1942
3511,1622
4349,348
908,2231
7,1925
5167,1881
508,380
1076,1047
29,332
3142,1279
1316,1178
1880,632
6653,710
397,593
2468,487
88,932
5146,1665
6370,663
71,1268
76,768
1996,1718
301,1843
5819,1725
2384,1130
1374,962
99,376
1299,2158
3156,2054
5813,1790
6154,1125
3102,203
4036,428
1835,1189
3427,795
2711,1174
369,1144
7,1503
177,1439
1235,106
1616,871
493,931
4840,481
1461,1543
6067,675
4884,172
1707,1576
6439,1062
3093,1315
69,1889
352,531
222,70
752,1272
24,1087
4142,1697
1138,1293
244,1754
3012,1130
2556,815
15,942
0,2061
5522,1681
5657,853
5453,328
514,1700
1571,792
5513,421
1227,244
2194,1730
3008,129
4940,143
340,1502
4683,889
1344,1031
