lhs,rhs
3499,17
962,132
517,270
2684,80
2368,64
1405,91
1140,112
1216,253
20,347
2688,257
228,53
180,243
650,369
1398,295
126,131
2264,330
340,273
1462,106
2,167
3480,85
718,221
93,190
965,148
2009,243
796,35
707,372
1074,73
3055,388
988,266
2383,325
2331,316
700,187
1088,71
320,127
1292,37
1622,123
3942,300
760,297
2258,248
833,300
357,370
358,291
380,73
403,152
3485,210
1810,52
1980,406
1258,400
381,249
2850,67
465,366
1037,7
212,31
1383,328
1645,251
73,153
2267,41
2926,373
1295,290
3529,186
568,258
1015,149
754,375
306,197
975,339
869,207
502,178
1230,292
2017,197
3111,264
1138,311
768,378
349,261
719,256
759,63
3577,120
571,256
1273,167
267,209
1333,128
1914,209
2355,344
1243,301
3339,51
2332,106
714,2
94,225
950,188
1011,379
1162,211
1872,336
219,26
240,164
2412,251
1448,3
1135,377
139,199
588,200
1858,74
2977,1
2637,231
1536,140
483,244
217,411
501,60
781,203
1988,133
959,327
14,95
260,184
551,404
414,54
298,42
270,96
2267,12
1744,232
1373,26
992,383
1563,332
2144,309
3461,69
73,283
1184,351
2105,55
666,43
1902,372
3805,380
1136,349
282,61
613,134
3170,357
1444,217
834,127
1347,70
60,262
19,282
1219,328
463,32
432,410
1746,225
1182,326
32,248
3328,334
838,222
622,31
1780,33
1765,382
1972,280
151,256
899,15
1369,65
2911,243
2570,202
1305,200
542,302
541,138
697,26
2241,326
2718,12
354,389
14,265
1202,99
2866,97
3041,30
2376,276
1039,122
1167,61
1786,110
2607,337
495,42
188,336
1965,121
2238,323
1450,186
1704,15
314,3
2307,243
40,37
1327,3
2381,243
879,272
2304,247
2144,95
693,185
1583,185
276,302
2579,66
4,9
2387,337
1425,251
393,151
1389,186
142,59
1525,141
1168,18
3312,29
301,192
2118,51
934,317
1102,141
4,212
1834,117
1166,234
1762,152
1825,189
1696,94
205,31
755,397
2563,16
1692,61
1389,200
657,333
557,323
557,102
284,229
1737,277
630,31
595,140
1590,44
484,97
69,3
2058,234
3423,61
596,305
1830,392
2423,238
2422,232
454,231
38,152
86,33
2933,195
617,68
642,76
440,374
3325,48
81,215
1078,99
3935,136
1367,394
1089,117
1578,290
214,354
558,233
309,282
1623,268
20,30
1548,379
725,208
1060,260
3206,44
418,119
1269,405
320,327
887,293
1580,27
1298,145
1829,309
1992,163
503,240
130,32
926,155
716,216
174,147
1860,13
645,211
48,280
2765,259
919,179
1130,265
1372,150
1332,28
1199,210
1036,28
25,174
84,1
1921,363
537,273
415,196
3226,254
404,382
852,316
388,357
605,102
922,387
545,64
249,154
579,340
325,299
1549,375
130,299
1985,369
3541,104
1565,227
3535,387
843,177
1194,49
996,10
2927,204
3234,280
2287,335
606,410
1598,70
1904,20
1066,277
1153,203
470,305
1952,397
347,125
1042,50
46,284
2466,301
738,183
689,5
1513,27
2236,99
325,246
35,136
348,154
2234,150
1608,97
26,400
2489,109
1312,363
2789,132
1219,26
830,129
1075,344
2166,289
236,193
2790,323
379,400
375,253
810,118
1208,224
2411,109
3080,247
370,186
1286,130
1692,269
1067,86
4092,124
2463,180
1295,383
41,188
2077,348
1435,61
3857,269
101,348
3587,88
746,24
721,77
155,111
3878,186
141,20
677,334
3795,85
3512,246
1637,314
1936,88
336,85
1711,49
3468,181
755,338
1472,367
2861,277
2082,291
1376,176
0,401
2489,183
736,101
3142,144
465,265
3215,44
2112,77
3322,137
980,16
1380,405
2489,40
372,300
3975,404
3688,337
38,209
2010,237
1175,320
4,299
1885,242
2754,233
2167,389
919,24
224,347
730,279
317,107
1935,338
1158,387
385,295
479,327
165,288
1265,181
2265,231
388,246
2708,16
432,121
393,83
117,2
424,400
386,408
3478,301
2523,305
225,277
700,351
1046,310
984,37
676,115
3556,72
1129,297
978,127
10,26
964,398
3479,170
564,307
2858,297
3922,63
3338,318
777,181
3308,171
1062,54
2217,401
153,53
312,76
3200,368
2316,291
2251,66
1149,160
2357,278
412,347
70,65
4050,198
1626,386
566,47
275,408
4,250
3663,7
153,82
725,198
1134,346
2402,209
1523,226
2205,228
677,192
21,279
275,235
1406,259
856,318
1702,394
525,74
1864,243
2991,105
740,224
944,209
2125,358
805,56
795,139
3157,50
2169,174
663,219
1173,197
19,182
2931,361
575,117
2261,116
972,407
2754,8
985,112
992,379
1954,343
3114,17
2001,320
1240,244
339,117
2680,62
13,372
1933,383
462,105
2901,77
2267,268
3690,171
90,118
895,348
124,227
292,164
1092,407
1368,103
2,337
383,20
45,80
551,206
869,113
2582,128
1516,298
1289,353
3633,122
819,372
1753,289
953,53
766,142
415,23
2611,233
302,398
287,367
347,124
888,254
1269,167
1509,115
1855,240
249,202
1793,14
2942,383
436,159
3110,225
152,17
1041,275
903,238
1600,307
1864,199
1289,292
2015,134
1125,243
2137,339
360,56
968,46
3941,64
1780,70
1399,274
2131,144
2119,355
1363,274
2525,69
679,0
904,291
1600,20
2872,305
695,267
1291,190
1195,76
1502,370
434,222
714,8
1426,3
1340,138
3647,184
1074,408
4111,325
3086,218
27,33
1226,113
2823,166
517,42
2568,119
3067,184
1293,121
2560,25
12,352
877,59
2172,25
687,79
766,332
671,39
2562,313
552,72
3670,236
2812,203
1291,233
40,19
2334,104
186,255
113,6
550,362
264,97
724,17
76,329
334,190
2446,325
1394,259
126,235
3051,29
183,381
2878,227
2710,385
3088,46
1172,364
3630,401
87,170
2319,216
101,313
733,234
57,384
4,109
20,227
1005,81
3733,69
297,220
2409,211
2606,50
2792,304
595,221
474,46
3471,69
476,174
479,81
732,292
775,129
898,123
928,192
2979,317
3511,216
2428,143
2,250
1064,309
128,107
1252,1
2794,46
3462,381
39,64
3106,161
224,302
3827,383
1787,82
1787,254
1812,160
2439,94
691,268
76,264
57,250
1188,216
28,204
2257,176
3813,272
1725,363
503,358
3217,159
701,298
767,345
2958,36
148,251
3554,106
126,73
3573,398
773,136
1032,170
3338,202
1350,293
464,387
91,273
3460,67
1228,114
426,88
531,90
1308,316
1600,156
3817,280
985,298
1955,361
1979,158
2752,301
2020,334
275,32
1281,117
651,34
396,369
396,159
1327,315
1232,385
1104,317
864,245
204,186
1098,163
1694,152
3702,354
27,39
816,216
2093,383
316,411
119,247
2617,266
2366,139
498,190
1426,258
2633,17
2424,20
2321,115
1885,26
3165,405
728,71
341,296
3826,200
2063,244
2335,277
1175,387
41,108
2373,292
3323,29
134,27
760,194
54,287
2747,269
3,125
1342,257
303,9
298,1
1052,2
3844,138
2703,344
2130,351
798,56
587,12
2536,40
2483,335
2960,212
598,172
556,25
257,229
367,390
404,89
1133,306
516,121
53,206
3395,200
1317,293
908,408
148,9
1930,5
3377,85
1575,101
4073,15
1946,271
413,91
545,361
1781,350
306,303
1824,4
2587,270
772,302
1007,394
2077,330
1381,174
222,296
46,175
1848,78
642,189
164,66
826,162
1393,394
2292,135
2274,349
1276,165
1055,38
929,68
1868,378
3376,226
489,186
727,118
3234,351
1520,314
594,117
25,55
2099,341
1895,248
8,277
1022,317
37,285
113,126
1811,145
308,286
1272,7
3024,103
1443,393
1616,24
3700,369
1585,174
1136,46
87,58
2790,335
941,35
2857,16
1322,328
256,206
111,261
394,42
2755,380
4046,227
1498,204
1553,225
1143,301
1409,7
698,314
1965,118
2973,209
31,395
1604,118
2332,266
408,133
3173,137
821,146
2047,209
1081,384
1366,23
3601,202
1117,269
3503,386
98,153
719,279
750,23
933,191
2987,294
3214,48
1104,291
762,320
1366,363
77,95
336,119
2566,129
37,183
793,379
3357,62
1204,157
1176,340
1446,401
2358,181
809,55
2367,118
112,74
522,19
2743,407
2190,128
2519,15
133,269
3107,19
12,359
362,239
3866,203
986,92
2234,359
1085,242
868,139
451,168
6,361
1599,350
305,288
2701,95
977,216
9,66
2190,274
947,382
200,247
3564,103
1020,336
3222,45
2268,112
2345,37
3906,390
2101,193
2040,406
521,198
3619,210
1465,272
872,256
209,188
2264,140
1178,335
3692,185
359,400
644,383
1608,71
1751,57
3869,305
1862,197
1243,212
2479,94
123,263
38,185
26,401
2275,69
3132,150
2541,327
0,388
2767,128
1013,125
589,267
346,234
1103,332
1783,292
1778,49
351,208
13,64
2252,61
1774,172
2747,123
3667,15
1201,51
586,49
2646,370
3143,203
2175,7
2524,197
2813,175
3286,73
505,156
2537,132
2803,111
6,107
3163,200
2382,405
3450,311
420,106
3051,39
2900,247
712,293
2340,122
409,111
24,94
2092,232
3620,408
2487,235
219,305
1302,324
325,40
1688,270
474,95
467,127
1097,89
521,184
2114,271
1075,299
512,385
172,385
1023,33
251,292
98,310
2019,260
2338,250
3345,116
182,163
2250,11
11,237
2277,394
2504,47
361,334
281,224
72,279
45,394
1141,358
3863,306
2848,278
2684,285
5,204
1130,63
287,323
1112,295
3143,275
396,110
2876,284
225,1
1217,33
705,188
3450,276
1751,1
414,76
1312,238
3067,270
3103,278
429,232
2455,60
3539,330
609,68
1710,333
424,150
471,244
505,396
12,5
3829,34
2001,189
879,144
334,127
256,72
0,20
129,402
585,70
1920,376
3334,404
1523,222
255,189
513,98
2977,375
122,53
1668,112
2411,135
2684,62
1540,53
618,273
1606,175
568,262
0,157
273,277
268,69
3232,228
1819,19
140,303
1292,166
2306,281
185,407
1577,9
1066,283
663,172
1717,314
1302,197
834,83
2421,239
1629,301
1044,83
3108,194
265,222
2924,381
3211,347
261,163
420,359
313,294
512,37
1092,14
1499,116
1203,309
1301,209
3353,16
1676,269
2858,61
2517,31
1683,223
622,398
2022,306
946,202
1876,109
1049,311
1033,284
826,181
2697,191
1619,59
53,13
2357,405
2036,309
1424,276
69,71
1948,172
979,140
433,325
1966,328
1078,29
635,102
1065,125
3030,234
524,43
706,132
2189,26
477,203
683,352
2056,247
2936,344
1423,250
105,368
3404,369
1177,83
1578,185
2513,236
27,255
71,27
2806,187
3235,297
508,119
65,4
183,366
1711,14
1071,373
3273,121
3318,323
961,385
789,22
2399,209
219,322
632,80
3599,409
1569,340
1990,244
2401,391
2440,28
1797,68
3766,5
877,222
2309,6
319,254
1109,50
191,59
686,131
3083,364
1109,364
456,80
714,249
1572,98
550,162
194,384
1063,142
339,265
2047,36
548,341
960,402
1118,5
2745,139
1795,55
3940,78
20,226
97,203
2337,140
952,27
1670,161
1712,295
699,97
1618,157
2446,62
326,208
2013,90
0,168
675,300
1310,154
626,349
1412,241
423,325
2738,3
779,295
2819,286
277,219
528,112
1396,271
35,206
3192,386
3720,236
603,347
616,216
1404,259
2992,314
72,130
690,21
242,123
29,122
253,242
771,56
273,357
1971,312
451,257
2168,1
132,344
1792,20
3218,97
2050,278
0,109
1422,75
3131,24
2415,136
809,144
3204,72
190,70
2244,238
1500,54
1281,308
2220,397
1407,357
531,124
1620,114
2794,366
1241,175
647,204
1831,276
3149,254
2433,145
1026,379
1063,350
870,137
1015,388
410,139
3585,207
842,154
2101,202
549,145
180,409
1575,43
2576,189
1842,36
1842,261
2686,150
2615,90
32,282
491,67
3415,289
1946,123
477,54
2654,60
830,231
88,138
613,203
35,356
161,248
3841,266
1232,165
1955,327
82,253
2651,147
2813,80
3,312
70,397
662,264
1116,120
602,259
1631,379
163,124
855,337
1077,70
503,400
2098,26
1923,308
3034,172
3873,373
784,21
2854,337
1474,30
144,212
1144,305
232,259
2349,248
386,196
1439,321
1746,188
3479,273
2251,346
1587,10
2873,396
821,341
575,141
1865,332
176,340
3559,190
502,121
765,363
1558,342
1291,249
2373,172
1913,75
56,215
3662,340
4012,389
43,3
928,292
2626,242
40,142
250,308
763,15
357,96
2022,162
2337,353
2684,164
3259,228
2415,408
1374,96
3163,406
1002,199
2583,261
993,233
3468,297
327,95
1762,398
2916,350
1865,286
436,52
1310,362
232,34
2152,218
3254,173
479,98
182,252
713,102
2164,74
2908,336
500,383
3376,140
2387,267
52,271
2109,282
843,216
121,105
1264,217
370,96
18,366
3964,347
3719,341
946,281
196,183
164,278
1249,358
168,301
3197,57
31,5
3813,342
1624,160
661,250
58,174
2151,181
979,5
578,192
1466,364
2448,139
1086,136
1613,202
1364,350
1005,395
1385,39
3279,388
501,136
1053,226
1474,98
620,348
1661,200
1704,236
1984,338
1575,290
1183,313
1549,299
3242,277
340,183
3612,154
1203,137
33,295
874,291
234,353
244,307
1406,142
6,390
1039,93
182,260
933,62
3054,125
3443,197
1822,171
382,186
1475,298
3834,145
1132,180
1631,238
297,150
360,318
3654,3
102,362
382,225
1347,380
2258,102
1665,184
1469,199
684,336
739,2
1368,243
198,57
3371,32
453,74
3863,127
220,321
714,310
825,170
2221,120
124,373
669,249
1589,317
1831,337
233,350
55,68
542,335
2045,408
0,130
2444,230
569,182
286,70
272,408
837,239
519,106
3094,161
2168,130
2687,292
1173,371
228,353
1311,241
850,289
2328,161
1546,303
379,157
1671,85
1341,331
7,3
1653,363
2454,166
2672,170
150,291
26,46
2358,54
319,274
665,391
2052,262
1207,235
305,215
2365,186
1562,309
934,108
757,182
1286,402
238,97
363,199
138,363
1587,385
500,361
737,357
2096,17
4050,136
1915,123
2781,233
1225,9
968,167
168,4
147,173
1017,244
3657,345
3252,313
121,81
818,243
476,48
52,123
95,39
188,389
1835,64
2161,87
863,286
188,321
2420,303
1917,225
751,82
1353,136
888,351
1795,341
2391,255
327,346
251,117
310,191
3860,171
3499,187
871,52
1581,309
3,113
257,174
1038,302
1195,398
2814,126
844,128
973,391
1518,92
1309,346
3624,259
2400,88
56,90
82,301
2382,2
1813,21
62,127
1219,69
151,72
1008,205
3577,230
3040,313
884,71
2444,71
1921,246
2192,99
2905,234
1154,367
222,295
3753,370
1053,328
35,5
28,135
2829,320
582,254
1179,23
1077,380
74,86
1558,247
2716,194
901,376
2483,118
261,279
1401,219
885,228
890,103
11,281
1155,134
127,317
2553,336
2744,307
1,223
2734,50
103,12
2042,196
469,49
313,252
3618,249
680,411
1348,4
1935,14
3931,161
396,214
4018,136
2388,51
2728,214
2686,370
538,207
3069,375
1587,405
1550,393
516,397
13,107
2141,106
2175,215
2404,231
103,70
3315,230
2752,18
395,69
1410,323
3279,76
4091,298
882,240
1609,89
593,192
872,67
357,237
880,363
1448,136
1349,350
2554,242
1991,35
277,330
1597,113
0,90
1049,105
2281,80
322,277
761,40
3416,137
408,209
589,380
3661,188
1025,288
259,343
2365,74
375,187
1525,92
17,141
845,104
170,54
4040,45
48,71
3328,251
651,19
383,273
1072,75
954,18
3634,393
806,234
1548,72
1825,142
1346,31
1317,178
2277,224
161,337
2245,366
853,287
2186,10
141,251
488,373
2202,20
1300,193
2011,280
1337,318
3288,290
2201,405
946,139
369,211
2297,294
3460,411
76,370
3273,160
1042,69
550,186
1730,233
2034,384
1196,356
166,4
480,122
2801,178
1005,153
3840,2
805,230
662,301
456,271
762,405
1900,187
1375,232
263,137
1554,237
3685,268
1968,51
1285,295
921,180
49,291
326,50
2256,378
342,241
870,61
3829,217
2456,159
1065,277
2426,309
1235,222
965,22
93,305
17,157
1507,336
808,136
1452,130
747,330
53,236
2545,409
1015,405
1440,93
1172,91
885,316
397,213
2060,63
883,78
1132,193
31,373
2207,227
2233,174
1233,385
320,109
2111,180
1404,410
3372,254
2392,352
1357,411
339,337
393,287
440,90
26,236
3239,69
2153,78
226,324
3,245
2656,411
3297,251
2859,57
689,384
1624,333
3832,59
782,92
392,163
3128,128
1970,269
5,336
434,315
2230,211
135,402
2663,358
35,360
98,141
3638,271
1639,29
1463,337
3140,246
198,272
1233,168
290,317
1431,257
3385,396
1390,341
928,327
1805,411
832,159
1127,158
2191,209
1883,287
1136,193
2529,281
1745,375
1030,339
2477,387
41,145
2686,173
809,367
830,346
504,353
1232,61
2489,357
586,232
869,247
36,231
1417,18
2891,249
2393,44
1892,260
748,217
490,90
3961,317
171,54
3217,99
3262,352
3140,326
1367,326
1519,238
535,364
603,13
1340,379
422,409
2775,150
356,328
1714,335
2145,221
1145,401
1967,80
921,395
1602,308
2717,60
1029,283
180,34
3051,259
167,226
1196,108
1211,384
303,16
1735,105
1430,92
3835,207
2445,1
2551,40
286,123
465,229
3178,226
3297,266
1407,138
3221,292
121,328
755,287
2539,389
2141,210
988,196
115,312
11,270
1367,289
3458,217
2722,360
2754,187
2026,264
141,220
899,302
100,57
723,297
528,392
3269,233
1089,124
1208,71
203,108
1985,83
43,35
2894,26
2453,256
710,241
3617,34
679,125
1751,206
2415,275
1844,116
1417,78
498,4
423,175
204,103
506,21
971,21
1610,12
70,98
1733,172
659,407
699,47
1784,102
103,253
2290,217
1241,291
76,396
653,407
1633,210
1603,218
1551,300
86,92
1060,230
424,66
753,344
373,85
1383,396
1846,377
308,10
3098,134
638,203
1548,67
179,278
1298,25
539,211
382,69
527,2
386,404
2658,345
2784,171
116,292
780,125
3306,264
2116,167
1401,283
2529,79
715,79
3531,76
21,290
1803,165
1936,305
3302,52
503,158
756,374
4028,388
550,191
1909,245
616,304
2169,363
540,29
2154,138
3007,288
1554,186
172,160
1672,201
1421,261
47,16
2062,197
1976,245
2996,15
797,382
1238,307
1098,28
314,281
76,277
649,174
481,100
1260,31
1270,88
655,38
3598,133
851,232
2013,57
1396,100
243,75
3928,260
2,186
398,98
3333,392
2325,193
1679,160
2869,52
1790,395
667,248
2049,159
1000,158
3294,349
787,246
706,402
102,144
174,26
63,32
180,253
450,154
2264,140
1237,228
3401,376
234,242
2571,166
1524,361
1971,172
1410,15
723,154
469,275
35,334
446,192
708,71
1829,6
1526,208
1876,250
474,312
1265,143
712,62
606,93
527,360
1615,226
54,146
1257,114
614,178
656,260
1442,407
3599,325
3778,309
2732,279
1792,190
2624,331
1246,71
2627,282
2691,36
2235,161
475,256
1692,97
811,48
1386,92
2046,344
2107,152
173,181
813,111
2039,75
1277,312
604,153
1806,309
1834,310
685,56
952,387
831,78
1266,51
940,328
572,387
2000,294
1311,84
760,33
1933,369
570,235
242,191
347,284
2490,241
725,252
114,130
219,65
533,130
910,73
2117,409
972,51
1895,226
2882,152
717,280
2319,190
2157,271
1017,38
3584,75
3955,222
4,69
3024,150
151,324
975,14
2967,58
2887,173
2545,348
304,47
3797,192
3122,94
2121,8
2175,12
218,181
1239,82
1344,337
2320,404
607,128
1344,279
2895,215
682,172
2797,342
1746,21
2880,107
22,48
414,208
2643,39
2431,390
1019,292
35,347
436,19
1923,88
1277,58
512,201
1213,400
428,399
203,121
1831,386
756,398
2541,229
2478,376
1287,215
372,208
3019,76
928,251
1993,326
608,380
2080,266
2508,1
2891,320
1400,235
1204,250
2692,223
2289,221
860,276
3670,196
750,325
2451,101
1807,210
175,278
268,102
1935,409
69,264
2659,286
546,34
95,298
179,64
781,271
536,329
1480,251
3582,315
311,131
2366,60
214,218
530,35
3907,362
2696,286
476,309
1865,268
24,20
2534,198
989,358
1215,15
819,397
262,44
1374,188
991,362
956,237
2452,376
72,269
900,172
3273,106
402,232
3146,86
3026,154
2205,76
2070,76
2863,162
404,220
3042,281
1994,83
1384,131
231,325
2243,101
873,401
2059,37
348,90
145,55
532,88
2265,319
2627,325
1027,238
2,5
1443,244
309,404
1760,136
3661,281
1287,396
1705,22
284,319
2170,152
102,252
543,174
2783,255
977,274
954,390
3672,399
100,220
202,210
574,350
278,277
297,244
3083,175
310,202
201,101
538,205
2357,294
21,6
2789,408
1263,121
162,179
2979,262
2712,382
2437,212
92,151
3601,233
99,200
332,115
95,322
733,38
1681,39
1983,318
2607,217
1966,260
1925,57
1461,163
3852,295
58,101
3038,115
1061,229
976,109
2098,70
1306,335
1503,229
1875,227
347,385
3009,352
1722,387
1238,144
1882,77
3486,378
611,183
782,302
429,396
3026,241
780,225
638,271
84,274
1525,133
1290,202
663,221
367,123
2484,360
871,44
1085,190
1094,62
1,286
1164,33
656,330
2148,339
1745,104
3371,112
330,218
2521,355
507,96
2260,95
2870,91
46,27
2385,142
3275,374
84,344
228,65
2018,274
1898,226
2493,248
3817,166
1178,113
1170,411
2626,225
991,96
1619,182
512,12
1193,374
3499,19
3631,338
1451,41
1172,138
1508,346
2248,393
1309,365
2336,315
362,135
363,173
3377,243
1518,178
1442,367
16,209
2647,53
112,203
1624,109
1096,393
1136,377
443,197
3298,53
140,209
532,63
726,380
2290,221
852,257
422,309
1865,204
1167,181
1035,235
1166,362
3690,146
1,290
2118,259
2147,190
1300,61
1446,139
1051,43
1544,40
2970,113
329,107
614,43
949,10
2912,273
59,395
2990,178
2352,68
22,64
1894,64
2363,142
2732,292
3264,77
99,277
2822,201
1653,165
159,382
1017,130
22,82
62,329
1107,4
1923,41
3099,102
1799,308
2345,69
956,197
784,227
1797,235
2940,312
3367,141
155,127
1306,233
156,25
716,314
2823,355
1464,21
3331,186
3641,272
1856,140
2691,373
2201,6
531,262
185,346
784,392
1888,117
3820,165
1656,164
609,109
2874,119
1997,40
1590,99
1742,184
3472,335
1182,357
449,161
3857,352
3739,243
873,165
2749,149
360,176
1349,132
3996,269
1022,410
557,95
323,408
2145,166
1782,60
1867,281
700,214
2931,248
2152,132
1089,29
435,27
2205,407
517,229
623,375
1708,274
3955,116
2556,315
3112,209
2297,265
2525,411
925,356
780,114
1489,194
3247,340
1849,271
2911,290
526,406
481,294
86,144
709,294
2353,195
438,180
1894,62
2045,70
2250,395
1234,159
2681,298
1526,119
659,383
3007,161
1571,370
994,379
2175,134
237,203
3260,110
466,393
1163,225
2593,267
2552,322
448,10
2942,245
1479,171
1938,57
1236,407
2307,298
3067,183
297,221
760,337
1949,410
684,378
895,227
1658,204
287,237
371,166
2677,10
2535,212
1281,302
1555,141
3629,43
483,223
142,267
758,131
1899,165
1056,377
340,221
1267,218
41,246
2893,368
167,241
1453,58
1,267
3672,238
3569,319
1887,153
1032,363
351,212
463,407
1400,217
1134,19
995,409
933,336
0,20
839,199
173,194
429,154
2020,202
2379,205
1311,361
2880,322
902,366
2489,22
1957,106
3143,174
261,16
2330,269
3075,180
1082,50
1791,58
539,6
3362,229
2100,403
2435,209
470,21
1700,399
1118,104
1517,10
3580,93
1226,254
151,366
1619,276
1032,29
2899,283
1772,118
698,248
786,158
68,201
687,243
3138,172
2108,393
2032,327
2209,204
1712,9
3096,408
19,295
907,6
482,289
2614,3
780,256
916,5
3,242
903,407
1447,396
674,363
1312,301
985,5
14,115
70,51
1793,391
72,315
1060,72
465,354
377,357
2676,411
1529,330
2637,348
2529,149
2426,150
852,90
504,407
1975,157
1854,97
1147,242
2242,345
2602,322
2497,24
169,329
2468,72
137,96
1682,88
688,209
396,111
2753,293
1716,276
4121,157
3249,179
269,330
1743,98
2982,46
1865,211
899,326
343,358
1418,360
1974,259
384,313
2408,98
73,90
2864,157
945,348
2292,127
364,206
623,250
2857,127
733,75
2169,231
72,33
336,335
1399,25
3015,281
3149,82
1691,262
967,66
1966,344
1262,128
249,152
778,189
3942,291
93,320
734,97
1902,399
1068,49
500,144
328,301
156,7
2,144
1604,44
3188,124
1874,17
3584,382
1321,391
980,274
1047,147
534,246
144,146
66,84
1121,164
168,391
848,393
3,11
1682,195
2868,354
6,81
536,195
2268,184
335,215
2580,28
350,221
745,32
1740,285
2124,274
1634,250
3818,93
1815,288
155,404
876,251
2688,97
2441,138
1705,32
861,136
1598,288
1804,408
83,296
1107,110
724,260
895,32
392,284
192,27
958,16
2542,237
3483,206
3331,298
848,179
3592,186
914,15
2328,250
565,371
94,206
1412,266
105,308
645,7
804,232
518,236
756,230
544,363
1062,11
3999,269
1856,0
690,227
587,40
0,324
2302,84
1692,221
293,17
2583,205
982,227
2003,74
1320,208
3533,165
2430,237
737,33
1127,354
422,47
239,326
1621,41
146,16
212,47
3314,354
1390,80
3522,216
2093,184
429,357
1156,32
650,397
1751,255
2852,194
1214,355
3215,385
1526,76
1552,168
3870,240
1429,294
2763,201
903,366
301,325
1148,95
1351,89
133,193
418,349
1243,177
3010,384
2615,217
2768,11
2094,299
838,367
2416,187
263,380
1365,396
2861,269
4061,220
3098,344
1108,228
1819,199
1986,73
28,186
1144,64
790,127
1797,211
526,152
2019,102
2914,398
1449,226
751,355
693,297
266,407
1407,63
171,346
3751,96
324,201
1821,273
1818,183
1398,234
3441,231
1726,284
848,318
700,157
513,127
12,130
1584,151
977,230
1136,117
2602,17
65,410
491,166
3733,114
647,319
1563,14
621,29
609,197
525,283
3983,329
0,16
1145,355
323,403
758,136
1141,312
279,308
173,199
888,34
1071,326
3279,218
20,357
490,405
79,93
206,289
347,331
3006,216
3035,303
1466,98
37,267
943,207
1497,145
1208,46
289,106
1544,205
688,186
128,18
2049,292
1493,279
802,378
2250,380
24,34
1671,231
153,25
3398,270
2515,14
2584,208
143,85
595,4
1229,138
37,53
1465,230
2292,16
993,56
1614,213
2571,265
2606,251
2295,60
2365,299
274,409
428,109
948,247
3538,34
61,241
2895,270
250,281
3012,123
368,398
1313,61
456,361
2161,228
54,353
1648,92
1901,394
216,355
1831,342
3803,283
241,381
2874,264
811,302
725,318
3390,246
2702,388
3990,9
264,225
1959,210
1162,263
2326,20
295,362
3051,67
1152,141
1073,298
2732,364
1701,161
2345,51
2686,52
1437,124
3115,113
1784,239
689,45
3369,334
522,324
72,203
106,62
1006,349
590,146
86,383
2602,386
313,84
1377,173
595,272
100,110
1938,203
1808,327
1779,247
209,65
348,6
1290,84
970,86
2963,408
1745,306
22,353
593,292
3330,278
1250,336
47,50
2017,305
3227,410
312,134
409,355
365,195
4081,103
1777,298
2616,302
1006,398
2977,328
1815,268
3536,225
1332,279
1749,213
3968,8
2826,393
271,373
469,326
1309,147
2440,113
398,73
156,160
3824,178
2740,141
167,263
164,64
2000,365
141,108
1600,42
854,258
101,135
422,55
2443,401
2310,142
1323,175
1709,348
1075,4
85,312
469,35
2726,17
451,83
2273,296
1788,105
151,0
1295,109
3155,339
3228,30
14,325
1496,387
1446,196
1829,137
3509,223
2919,354
2738,376
1056,196
466,245
12,394
1101,362
2271,57
2993,205
2446,85
177,191
1939,116
1735,71
577,191
276,106
29,307
681,135
1887,290
118,162
1937,223
713,288
1116,202
3205,153
1559,380
1496,195
2,223
1380,121
804,48
328,148
619,98
323,53
115,272
1536,31
334,403
421,110
576,278
1135,63
1049,216
457,283
215,360
157,395
58,343
530,97
1454,409
1070,406
2024,111
258,46
285,265
1002,330
3277,325
810,401
109,76
333,336
258,266
3802,361
338,158
3033,406
2399,85
3980,179
1592,266
3550,266
2157,351
504,320
155,5
138,142
1015,32
2367,401
112,8
3323,352
3148,4
269,340
2593,284
2876,9
1063,386
2912,111
972,137
3012,356
81,252
3774,34
624,125
434,172
127,88
3123,296
1461,376
43,132
3165,344
73,388
1751,274
1407,237
3096,269
39,226
227,154
3734,410
3195,178
5,373
2930,219
3805,174
861,210
1835,333
927,253
857,236
556,325
241,191
2069,329
1472,124
1882,296
306,136
1542,14
185,107
2233,150
3101,351
3,179
814,203
1948,134
27,111
3493,188
327,349
3292,380
210,307
618,272
306,32
1281,267
2509,361
1623,53
1935,142
611,347
649,343
3368,25
2934,319
242,170
1401,229
1821,382
2995,147
246,115
323,368
1975,54
15,144
534,175
127,142
3063,305
362,82
1376,376
509,50
3488,141
1496,90
462,5
1548,127
3280,174
630,410
764,325
2073,162
1602,297
2685,373
3055,205
24,9
1655,260
3421,285
1496,354
143,390
1319,322
433,288
3889,17
1432,308
578,203
220,407
1305,4
1,206
1069,198
890,265
679,5
1721,248
3065,399
2074,155
1857,172
591,329
3084,74
1590,333
753,255
220,405
1174,368
1077,385
2627,184
2281,407
2,318
3337,149
739,268
14,401
3055,381
2579,385
352,339
1016,314
2095,11
298,348
702,325
650,39
2117,263
3211,393
546,90
2910,361
548,121
2114,149
1503,359
1388,364
1786,156
158,317
1032,411
264,28
1520,350
3371,260
3657,64
1139,269
1517,329
538,19
1469,355
522,14
216,88
881,109
60,236
1500,64
189,84
1527,378
3571,45
2496,72
142,93
755,272
2157,217
821,361
1099,112
929,105
2589,1
876,361
1279,28
2824,1
2140,366
978,57
2361,42
317,326
2076,406
79,149
751,190
2286,89
457,289
1858,148
428,85
1309,393
2919,259
707,292
2022,222
990,148
2080,115
1977,48
1038,404
2502,374
1042,149
922,246
3078,395
2665,80
1872,394
1751,271
1318,169
352,257
1376,249
1396,370
3537,39
3930,20
1067,388
1211,395
789,367
432,359
1689,113
162,14
1410,330
1935,366
916,71
2999,169
1869,54
810,397
1026,186
1354,221
852,155
2559,218
737,173
991,334
234,250
16,140
3083,243
10,179
3054,83
1398,196
49,162
3181,49
662,105
1055,368
2700,313
1191,95
2046,71
855,274
2932,385
1351,258
454,295
640,305
856,182
1947,9
444,388
2206,387
2340,261
3375,232
2472,13
393,260
1673,368
476,30
1291,19
289,170
1265,318
2068,82
929,170
3658,344
3714,3
752,112
1897,225
266,6
2635,15
3189,327
307,351
39,49
108,95
77,193
2314,162
1289,17
610,282
2325,272
620,330
97,353
2353,80
1787,247
1010,298
524,32
3101,16
239,93
2185,208
144,257
926,291
3972,123
3725,203
2553,124
653,163
1448,159
6,137
2263,27
2395,163
1079,131
287,291
2030,47
2150,17
4050,193
413,142
3076,172
2134,176
2427,67
1254,154
1075,79
774,247
2678,327
1017,368
1789,393
3852,108
2573,307
492,307
853,294
74,79
1609,325
2117,339
1940,395
1412,16
745,36
1630,178
1302,320
2136,197
3420,91
1967,206
294,410
1180,313
3576,140
2934,125
253,142
2584,255
3380,135
1265,265
88,398
1477,300
2134,169
2442,146
1300,111
1181,134
1317,293
1486,259
1372,59
3103,276
1270,276
58,200
1115,95
796,26
396,31
3701,5
206,216
1465,320
1913,126
1641,101
850,130
3326,17
1009,126
223,383
3398,137
431,130
906,154
1689,402
2931,1
2231,103
2621,381
1037,342
1799,50
1299,381
1991,115
1162,189
417,41
2205,255
1324,55
757,227
1009,355
9,317
3458,81
517,366
1330,78
2609,78
364,118
1217,277
808,403
2505,162
2121,178
1731,0
185,81
634,160
2651,185
36,269
40,44
1342,178
800,282
80,104
462,143
32,276
2047,332
410,372
173,356
2622,167
835,275
2548,296
384,312
921,192
783,132
695,208
3113,229
2688,322
3017,127
240,368
3085,55
1483,115
567,360
1267,8
937,221
1025,57
2478,30
1266,177
1195,321
2601,229
245,209
3115,299
441,164
360,63
799,385
1132,146
2240,181
1776,245
455,129
3438,152
1956,261
1551,359
4007,255
857,386
1331,365
3373,94
627,38
0,172
527,214
32,401
2382,349
2941,30
2491,228
306,139
2782,270
1328,272
2692,253
1861,294
881,145
2606,205
143,29
519,337
47,53
1491,80
2810,168
404,11
1300,344
1615,235
880,136
640,213
1670,298
530,367
13,384
155,386
1266,27
1986,78
1508,149
20,260
2986,176
2551,37
2510,341
2937,276
2297,55
415,174
2030,311
1952,14
182,8
1752,214
265,57
2454,358
674,131
1539,209
287,187
1311,319
1618,326
1960,322
994,394
2498,195
2905,275
2317,47
3243,149
73,294
317,402
1065,358
3030,36
1851,0
798,324
644,258
616,85
1754,190
459,88
2137,123
357,39
573,334
2622,298
856,26
2290,387
65,222
85,9
2948,88
493,112
750,50
1781,154
367,105
8,411
140,112
2543,24
991,82
389,88
3065,263
1069,370
685,5
3426,243
1245,141
167,169
960,201
842,63
1238,47
850,38
92,182
828,320
1206,406
1604,39
1682,299
1664,151
2517,107
1691,63
1076,328
1113,229
3597,211
1927,125
1971,184
2406,294
6,0
5,8
1682,39
2539,386
864,349
1570,344
1118,286
546,178
2680,128
484,351
1399,110
2241,56
2217,120
540,258
1295,331
3059,257
1989,152
720,325
1064,3
3344,347
2155,243
23,215
1569,372
118,343
909,278
641,399
3674,23
1332,152
1468,23
1920,221
2707,339
1080,320
1117,28
2873,50
2666,397
445,79
9,175
3268,259
2159,59
3223,40
7,175
337,331
499,127
628,161
2492,283
753,193
2488,351
1107,94
2883,364
3762,0
2288,165
2564,341
766,14
2225,332
1385,366
429,65
937,152
3654,140
374,225
3087,205
2661,129
680,45
3225,241
1167,4
1817,262
3943,316
1839,312
287,292
833,190
1921,217
40,101
873,281
1465,204
988,319
1288,211
362,53
2428,331
3356,260
1217,293
492,75
839,307
172,3
3113,304
1242,44
3039,399
3345,328
591,158
1326,362
581,259
2220,240
422,290
533,11
285,186
3409,140
678,246
195,231
2059,367
1613,232
2911,180
324,60
2559,67
2133,273
1526,322
2000,374
1423,267
2347,64
895,271
338,135
1337,57
1457,123
174,204
1138,48
151,333
563,281
1425,75
94,132
3302,369
2964,196
630,401
2624,306
1602,113
2540,108
2359,392
583,322
1090,367
175,116
283,114
887,289
3158,249
1498,93
172,23
838,287
745,218
1162,143
797,310
2153,242
2336,89
5,57
213,5
1338,251
2033,326
1799,220
2909,17
3517,194
420,382
476,61
136,157
2095,147
2686,325
3363,52
277,390
2763,308
2923,52
560,313
2324,29
624,71
2499,58
1137,334
1295,352
2792,157
647,188
1596,360
669,1
482,376
442,95
1600,198
2464,230
261,328
2833,210
3278,222
123,117
123,362
908,350
1854,296
95,218
4115,131
1572,169
875,326
2737,143
2094,356
525,184
1140,20
38,405
474,335
1206,272
1944,189
465,406
395,244
234,160
1866,310
691,284
2989,282
161,70
2748,358
743,160
369,90
2216,10
1506,30
92,107
179,337
1366,400
381,139
725,239
3346,167
975,189
3628,348
3058,129
537,258
1644,133
1291,295
1461,371
3151,356
2302,193
206,33
25,244
2992,302
232,190
4084,331
820,32
654,268
508,319
1130,390
3852,295
42,317
337,222
1369,70
1263,358
1248,247
265,135
1343,126
230,148
1345,4
700,185
2128,218
3944,6
1554,192
941,93
3498,53
1080,268
165,192
83,322
294,219
41,299
2135,244
1672,168
1789,181
3205,382
142,349
2251,353
1057,386
1801,240
3697,159
1468,370
79,377
742,376
865,126
3044,74
2853,390
542,112
259,10
389,329
3174,22
1958,81
1717,346
1898,358
1697,71
44,278
1828,191
1284,294
1943,300
653,98
1047,344
2813,310
1283,114
3706,244
2216,180
2106,242
2536,393
2196,338
979,81
842,134
199,66
748,369
1651,403
50,140
949,234
3083,100
2294,366
300,299
3695,354
3301,98
1593,335
2506,315
1364,33
100,181
2314,305
583,211
1963,240
3001,255
864,161
2243,286
1775,215
1026,118
2031,125
532,154
2247,339
421,202
1086,372
2532,1
618,273
1286,25
605,37
1370,91
1421,20
846,57
1299,201
2687,68
1647,166
741,121
1674,384
141,235
362,9
22,378
3485,17
1078,103
2358,28
815,128
460,402
759,236
1824,388
1443,245
960,198
4,294
2417,188
1080,231
1296,327
1028,347
1854,369
2371,184
2584,265
3581,90
1021,271
304,111
39,183
1768,14
666,328
362,304
2534,290
277,400
926,373
2440,313
2322,174
176,71
899,390
774,125
229,293
1081,224
1523,395
276,352
840,40
1965,262
222,117
2040,98
2438,255
200,230
446,264
2743,185
1260,104
2812,78
27,236
455,84
610,257
97,307
1981,26
671,70
3146,258
2621,132
835,181
3214,229
806,1
36,289
963,235
3370,264
1383,69
3035,55
1808,410
3024,76
1179,239
185,366
1850,300
2041,372
259,148
2391,179
308,51
84,60
3,20
436,217
1476,230
1662,383
1073,293
1817,410
612,389
1514,351
3065,39
3089,25
404,411
3150,186
235,176
362,120
629,173
99,321
1223,327
2516,352
32,190
420,205
1372,288
191,234
1780,396
3838,406
2840,123
1082,31
2108,143
2065,86
1221,247
2022,107
2092,121
2457,383
1891,339
481,234
530,222
462,183
2552,139
3614,400
3931,242
1421,110
172,251
1781,147
1946,395
2206,246
601,20
3656,263
1981,215
83,349
1055,363
37,272
1535,175
212,189
1315,89
1286,186
565,105
2243,100
940,297
1398,206
680,279
484,249
1883,272
1043,68
1441,271
42,384
1378,260
3055,229
1239,73
227,331
1198,296
688,123
3676,13
155,358
1838,194
2714,130
1507,384
2358,103
3054,280
3859,275
3260,368
3037,357
140,108
3761,205
1059,408
1940,291
1810,250
1865,10
974,35
180,111
1435,382
1269,258
1678,213
3760,7
572,136
2797,345
1011,181
1367,247
1729,388
1373,281
487,355
267,282
177,277
1858,294
2609,51
709,293
312,371
453,113
714,356
1110,132
1845,113
40,384
827,273
491,54
686,251
1878,335
1374,311
1710,365
1608,244
2815,170
49,320
3375,399
895,408
504,29
3743,183
24,36
187,13
2021,394
317,393
1184,122
684,95
3973,314
1107,346
907,369
1886,13
1724,259
1718,140
1515,212
462,147
17,375
2917,147
684,125
599,237
1257,399
1534,116
1931,266
583,381
1325,378
1300,220
292,66
876,167
6,130
1214,197
2335,409
317,92
2358,333
617,50
1758,3
1613,163
2075,343
2303,16
1412,103
400,383
2983,370
1517,339
2674,18
90,151
836,350
478,253
2036,230
337,169
1635,54
400,157
392,116
3670,38
3411,377
583,388
147,309
976,202
205,387
1941,305
1241,304
2989,8
850,277
1911,362
1781,328
2725,406
340,40
844,250
2697,122
288,142
3758,218
2804,74
720,297
2451,314
2903,157
2244,207
2132,278
3023,181
1699,111
285,309
1396,219
162,151
3340,384
913,41
1155,389
38,104
59,207
2403,295
1590,359
1652,67
863,255
1501,263
35,291
494,191
1529,280
2356,192
950,179
3479,196
1884,233
3864,370
2509,221
1693,64
1481,138
302,141
1592,38
847,366
285,21
1711,337
521,294
27,26
107,267
560,251
849,186
1789,181
2445,284
459,177
245,389
1094,264
948,70
1507,46
645,176
1167,66
3441,52
522,109
2647,151
938,170
2088,298
562,63
2455,100
616,378
2752,79
1051,167
37,301
2939,32
2728,304
578,372
2187,321
222,9
2113,258
1954,384
1746,138
1603,348
295,373
1129,321
695,140
1312,379
5,134
1642,53
8,334
1574,310
1047,374
2460,242
944,378
123,85
2180,191
2852,313
456,338
619,95
167,359
14,382
2114,66
1950,279
2139,6
3976,210
1267,404
257,380
1951,107
942,145
362,331
2884,201
1603,199
2085,87
706,302
1925,182
1837,311
114,210
310,76
2103,325
27,374
2171,230
2054,104
2482,226
64,96
325,133
1100,333
1012,392
1467,7
1363,269
1170,40
17,3
36,58
288,251
1603,158
2027,242
3659,188
1071,349
1249,363
681,234
292,396
197,199
329,51
1171,284
2840,285
22,172
292,286
2897,262
2448,21
78,243
2320,121
322,288
1881,127
2947,116
1160,360
216,103
1917,402
2774,219
793,64
50,121
1162,262
1639,0
1445,162
2105,235
2272,319
348,262
1000,266
412,140
3697,292
271,395
981,313
1692,67
3809,118
2673,384
2037,117
210,17
1506,44
1333,28
2673,142
232,213
2049,166
2124,150
1946,130
1441,226
70,208
2467,134
487,345
1627,55
1752,4
897,222
1753,241
535,165
2755,43
440,302
972,64
1762,229
235,297
3182,207
2969,274
266,105
104,244
969,366
1151,226
2551,75
314,138
1065,276
2167,311
782,383
267,92
1118,327
295,95
1742,172
279,208
68,192
1006,344
3003,280
2301,383
1215,344
3526,59
1332,149
2302,146
1547,142
764,221
3017,271
760,55
94,17
1644,75
3343,276
2518,58
1227,45
1112,120
1945,138
303,7
1441,256
1937,141
2014,34
265,251
3432,329
831,105
3373,44
1280,46
3406,131
470,159
108,132
1448,162
1054,376
3344,20
2754,30
1719,394
1461,366
268,328
3678,312
964,29
1942,348
150,261
905,397
1638,199
393,228
2251,324
917,394
447,220
304,27
2164,301
2591,176
1761,44
0,387
3312,10
1541,243
135,23
857,266
2511,70
0,318
1636,26
940,152
3073,391
832,142
1921,253
3137,154
2636,124
316,336
3552,62
3791,121
515,195
1357,212
2104,171
3305,316
2588,396
1486,308
1314,161
3167,316
1270,206
354,356
3043,209
1420,9
3345,179
3240,259
1213,146
1541,156
810,30
1510,396
27,316
3446,35
560,171
1928,402
1849,182
176,224
2220,77
40,129
623,70
10,44
2096,15
601,350
3320,344
915,128
2056,377
1643,44
680,11
1860,109
3223,248
3289,2
3053,122
1495,301
170,113
920,223
1635,239
644,72
2686,282
2766,354
104,233
3002,243
584,118
47,172
730,123
2043,267
1227,401
2853,405
960,299
2925,70
1402,80
3472,236
190,186
954,358
903,176
2118,247
948,296
1055,120
1014,396
307,261
895,396
160,150
834,236
564,32
761,361
1616,407
559,406
563,381
203,293
3729,406
1114,185
127,404
1,219
0,231
3146,337
402,226
979,324
254,319
1241,351
5,38
828,140
455,74
553,340
1363,111
1955,332
482,356
2581,124
1649,88
1604,54
93,89
431,7
200,89
3613,58
1241,219
2749,148
3079,326
1151,380
298,63
184,265
1205,219
526,187
524,371
3968,85
3268,236
1482,270
3439,7
76,228
2485,306
1046,396
9,33
294,312
3000,55
43,1
2288,132
1486,379
3234,236
3938,96
1533,366
825,409
3099,400
583,214
2869,381
24,196
217,48
784,311
392,61
703,329
1264,241
790,270
62,243
3198,89
2221,217
812,145
1260,382
1078,67
1174,27
1983,145
180,379
1894,30
3949,299
687,150
2,275
1287,183
599,107
1243,1
350,2
873,355
2949,125
700,218
896,64
416,296
1710,271
3339,408
802,366
2823,110
886,330
98,66
318,276
311,61
200,135
3153,269
1604,261
271,293
1669,358
620,206
1591,61
1785,206
969,396
80,274
2270,278
1365,292
2237,175
268,204
2845,372
3237,123
711,387
1641,353
1320,325
2535,169
112,299
1923,66
815,71
3142,216
73,282
2557,121
2674,54
2584,297
374,379
916,394
1088,139
2620,58
1895,5
1174,13
200,265
854,149
1025,279
2288,175
887,78
1963,286
38,334
953,37
1348,339
555,336
1786,317
808,46
693,319
1634,163
1395,63
12,20
654,127
405,132
2741,112
941,174
701,146
1376,172
1735,331
15,332
2436,14
1275,29
4068,104
1559,312
4,3
635,302
763,356
336,143
372,31
3050,106
1591,121
721,336
1758,99
186,390
508,54
482,94
1273,253
2905,366
2439,224
1840,227
621,110
310,314
418,303
1994,31
37,236
27,188
647,218
3528,308
3805,348
1036,159
2736,249
2786,49
1067,250
1965,62
859,267
1829,332
1013,236
72,44
3319,158
3426,74
1004,183
1044,323
544,330
293,394
899,59
1318,290
1278,116
2912,277
2126,27
3854,209
92,392
593,322
1530,213
438,128
1502,331
2282,83
1638,24
795,112
472,368
2814,386
668,203
486,334
604,161
47,155
622,245
235,24
205,327
1944,97
178,332
1494,197
710,318
839,396
1309,314
3497,17
4027,368
50,295
34,203
1139,29
72,244
3,305
2513,240
2489,67
1503,215
433,398
2792,169
2220,407
2541,109
1359,266
3870,131
2497,27
115,401
1172,273
7,283
219,45
287,175
5,392
1050,119
1755,28
1685,25
131,345
1585,81
1549,405
1665,181
3365,401
978,363
941,338
1021,137
1637,127
1818,233
715,152
3004,92
913,313
519,23
4052,279
185,129
3133,223
2179,185
1431,169
1286,10
1138,315
1080,401
256,374
1846,197
512,173
1782,239
1944,204
1371,301
3399,339
3169,277
2685,79
189,210
3513,378
3918,11
1867,201
3065,173
1253,355
872,218
341,322
387,185
1133,373
69,408
58,267
1610,47
185,348
136,0
843,116
251,330
168,332
2878,63
2735,204
227,150
2223,334
1263,56
1182,308
925,249
2542,227
938,45
2165,312
3406,18
1398,323
585,117
1313,73
1512,208
959,21
197,174
3773,364
893,277
1962,222
3988,18
1380,342
1338,238
2801,214
3004,355
1856,36
469,209
725,44
806,159
2814,216
2187,337
700,314
97,356
47,217
3170,331
519,53
87,260
616,176
3074,34
1449,404
4002,23
2389,194
1206,325
55,10
77,378
1583,148
1575,34
1666,132
2597,264
2394,234
80,50
1900,243
126,318
1049,333
710,136
1057,268
3241,241
1067,184
746,162
1296,0
495,186
1700,333
2029,261
2820,46
2775,194
627,137
1914,299
2529,81
2391,322
451,154
2591,215
701,222
3160,88
526,271
1185,322
144,276
2725,195
727,376
1140,284
839,20
2700,277
331,56
2891,1
2473,86
925,6
1892,175
963,219
562,265
1344,269
2110,282
2759,159
2563,300
88,286
2021,127
1223,31
658,402
1662,20
1093,223
3294,219
669,156
564,372
326,380
2050,121
109,274
33,103
1536,172
240,123
3938,19
3016,119
594,2
993,13
34,310
2645,58
87,411
659,285
2459,325
408,276
751,265
86,254
1201,173
653,306
3804,312
1465,150
1956,3
3347,349
844,230
3794,154
84,55
118,115
2052,46
1705,262
862,243
60,396
2334,401
3033,118
2422,170
3331,326
2110,402
2960,181
107,250
85,366
69,88
230,110
754,214
176,1
1029,410
412,401
1092,331
2546,137
1059,106
2269,25
2729,293
674,25
620,142
615,297
1488,318
190,196
3803,43
3012,287
107,237
1321,143
758,251
395,176
361,83
730,33
1622,115
625,270
1002,108
1974,316
1950,17
179,247
283,152
133,20
195,383
1607,13
4024,0
1456,101
246,203
1302,77
366,278
255,366
72,144
1252,173
3535,242
7,42
2405,119
115,293
1316,282
2668,156
359,57
2517,332
1383,49
814,360
591,298
1255,20
1801,118
270,174
3482,137
620,174
1086,337
3251,224
706,29
1701,357
767,162
3858,227
2845,241
1126,377
133,286
2254,130
2414,181
4095,161
1552,21
95,139
2602,340
557,245
638,21
870,22
1003,242
1020,104
399,279
230,98
944,250
1927,402
2750,112
3435,330
2462,35
1439,88
739,273
1741,12
930,184
2476,225
511,9
1208,68
205,314
2019,78
536,281
1609,268
3803,351
735,62
77,404
54,49
2474,173
560,174
8,91
621,196
47,411
620,312
2777,313
4027,51
1177,151
1528,170
2189,272
2606,207
1985,256
748,46
2462,404
3455,95
1485,313
2290,37
778,12
888,129
969,179
389,16
553,207
1858,103
692,252
3396,264
628,38
1096,153
323,8
3507,91
2858,199
607,318
458,62
1238,11
2286,86
1253,320
817,313
736,92
205,225
544,179
1304,133
59,209
70,22
2363,310
408,111
1660,391
1670,32
1816,276
783,338
2962,146
3127,295
490,91
617,401
509,189
1170,186
656,96
831,32
18,53
1442,200
2651,175
2213,408
9,256
227,72
606,21
803,49
1670,380
588,251
493,160
448,204
2179,397
653,326
414,20
1901,322
1701,28
897,364
740,235
2423,124
1634,261
1720,19
582,148
542,244
1785,246
2,149
2826,219
3686,182
2016,75
509,38
207,23
159,38
2111,198
1273,116
330,341
8,142
1214,217
3416,215
2335,56
3335,152
743,128
1133,320
482,38
331,202
1734,186
1884,332
2631,222
113,357
283,404
431,148
3235,407
1425,12
2429,184
291,303
1884,394
1445,122
598,273
577,72
871,135
1655,170
2287,232
397,313
1857,392
654,347
3218,394
136,68
162,218
2252,358
1311,151
60,67
419,164
45,198
1327,113
1505,312
707,34
1815,358
2380,10
228,377
316,342
1521,151
539,297
1886,257
2801,96
3297,381
298,177
743,381
170,343
132,77
2886,382
469,18
2636,400
2286,70
2016,115
204,55
1799,230
1045,144
2975,27
3067,299
1109,85
2002,285
999,259
1848,343
979,392
2676,306
361,106
1563,160
3014,34
364,7
59,142
1063,58
1589,372
1575,255
796,198
1342,281
1023,157
2914,328
422,273
964,305
3831,92
2587,273
604,396
363,409
477,279
357,152
1600,55
3901,268
148,8
1718,363
198,273
211,270
2292,348
176,3
1365,20
2874,374
2036,405
3112,177
3039,303
3213,101
2344,324
956,97
1905,189
241,404
1714,56
3669,27
462,402
70,55
3693,319
2060,171
3997,236
736,134
3076,290
146,328
313,316
1582,35
616,68
13,375
1520,332
1718,184
1384,11
2327,314
591,206
1337,7
722,172
1647,125
2165,326
427,309
3005,40
664,256
1097,256
178,366
1218,198
2547,24
1040,177
1052,293
956,332
1434,179
349,248
592,74
27,264
240,10
1870,245
2527,5
3205,297
94,174
1,69
1025,130
479,316
1699,29
604,321
1447,378
3209,109
1266,80
610,108
4074,266
1532,275
2067,206
1969,165
866,330
45,283
1026,169
955,4
2712,179
2992,17
1703,185
1601,159
1675,152
128,149
2402,80
3933,154
3311,316
912,137
2764,275
10,397
2390,14
827,284
2235,286
2510,195
3159,332
368,31
115,60
1122,370
1255,94
944,405
3304,55
730,336
342,83
657,211
218,157
2032,156
952,248
643,344
3665,320
2747,21
711,11
3333,60
1197,156
1171,88
515,281
2616,394
480,204
280,138
1708,234
1259,348
3601,300
1594,208
104,351
1056,2
697,127
1858,223
3452,211
1559,268
183,106
2570,13
11,137
2102,312
2184,342
2152,218
3758,331
77,97
720,396
3194,19
3562,258
1543,134
680,121
408,17
1312,329
3203,253
2587,92
400,132
1188,23
1285,351
541,406
631,116
1821,156
999,309
1065,143
373,125
2181,302
2949,407
914,248
3485,340
248,21
1898,211
1401,311
17,336
2042,7
559,118
656,269
1114,247
975,143
3284,131
163,384
1153,213
311,326
455,377
2086,340
2462,40
145,26
2230,391
17,14
2804,339
1077,8
390,347
693,150
477,44
96,351
282,91
959,58
2374,105
848,178
3198,374
3525,149
1012,342
170,50
3029,15
1236,247
1410,216
2012,45
17,205
147,251
547,251
1815,29
534,68
17,339
1406,302
399,290
3844,145
524,122
2031,229
2689,34
2011,399
190,32
243,220
237,233
1119,299
2819,250
575,210
1952,164
1069,103
819,6
4084,380
1519,78
1828,181
793,24
833,404
47,345
878,163
451,373
5,3
1483,351
3738,160
67,338
491,283
569,398
1678,84
969,386
344,151
139,246
143,378
1761,150
227,338
942,274
187,270
2015,129
928,20
1551,30
971,132
157,262
1754,197
3426,216
3293,251
2831,148
2434,120
150,161
2723,88
983,152
461,392
3024,156
2382,163
3781,10
3757,337
2471,143
365,166
3227,195
785,32
1431,248
1923,71
3499,292
1557,89
309,383
504,409
89,203
3474,323
3395,47
885,273
125,195
2007,175
2076,209
516,184
2450,341
178,386
1231,340
1130,344
1361,281
238,229
1806,355
2576,182
3311,175
1628,260
2366,84
2005,56
68,192
3456,54
0,373
135,305
3326,217
1191,313
714,129
668,403
1612,237
146,297
352,181
208,288
557,323
72,239
294,283
32,73
477,10
457,201
2636,149
1230,157
1084,377
1801,348
976,63
3050,8
792,195
2773,372
841,295
587,12
94,212
3206,112
1136,222
473,294
2921,189
484,409
1064,311
2300,353
1157,342
586,147
159,218
3120,106
58,214
890,27
2803,286
2456,303
115,244
172,223
109,193
1605,331
617,270
2051,88
714,363
885,73
3139,46
276,32
1591,109
73,52
3172,147
48,250
1301,124
26,98
909,293
1143,315
548,307
1353,313
258,281
1684,261
119,154
3556,60
1453,21
1203,326
2867,32
87,354
514,341
3663,191
2330,103
1758,88
887,302
1008,159
2469,396
2024,209
1464,282
172,259
2724,390
297,329
239,315
95,51
1405,384
987,411
1264,156
1952,402
2808,309
1740,311
574,259
42,215
404,29
1113,71
2847,92
1420,279
278,187
40,76
1981,71
1218,184
2495,40
2377,289
1483,318
1411,40
2617,233
1624,351
58,357
1601,170
722,140
655,171
2204,193
468,154
1847,312
3877,207
922,311
593,76
2763,284
1971,332
102,82
511,213
1123,15
1109,286
43,78
3114,375
25,391
923,163
620,200
408,152
1689,166
1409,74
3060,37
333,387
136,403
259,34
2905,249
1334,361
3730,33
144,29
653,272
3870,384
2490,1
3310,305
259,1
3229,246
2475,139
3040,247
502,187
694,389
408,167
1079,127
242,285
1666,361
2682,73
1472,76
1142,63
280,2
4046,237
686,171
897,288
1031,282
1429,382
1527,222
144,167
1019,406
1047,84
3021,302
85,83
3008,70
450,258
0,122
652,6
2427,224
2900,21
181,107
981,103
2015,179
25,109
3807,175
344,337
1469,70
1973,56
2305,7
52,200
7,28
1378,138
4,59
425,320
1343,169
2347,85
2597,372
2631,11
151,135
4015,137
6,283
3080,361
630,268
449,286
1482,272
1160,310
1847,200
1010,199
446,410
818,94
754,201
1827,209
284,386
3733,210
958,308
1055,217
130,145
278,408
550,237
3180,153
739,227
960,400
1601,229
1416,362
3096,184
1667,221
778,138
2375,379
3471,112
1976,121
76,306
381,365
582,63
190,118
1758,51
291,197
1208,34
99,329
2182,367
498,280
1286,336
512,18
985,329
397,66
1526,284
1028,53
1165,27
1019,281
2632,104
3005,67
1460,397
2713,234
1920,127
1688,46
3639,326
67,259
1087,347
2588,363
3852,111
657,273
255,225
1121,274
758,39
411,149
57,254
2114,273
874,403
2122,33
1319,134
4000,125
2642,389
3643,116
1733,50
2863,249
35,78
158,148
112,320
54,77
2544,18
1782,138
2212,72
119,329
1022,384
78,100
3091,390
93,349
2288,95
3014,23
2536,276
1472,26
1816,241
1708,339
310,392
1644,407
1024,66
3728,140
3787,37
1555,10
2073,319
1362,75
1218,240
16,248
2703,326
191,70
611,31
1565,245
1045,86
595,306
1792,265
891,293
113,24
537,81
1359,174
1049,47
2182,146
1465,110
3240,33
782,265
1876,360
3392,77
2973,48
2777,170
1145,84
296,105
111,384
3542,380
556,310
1415,74
62,65
1672,22
2,174
3395,77
590,149
326,95
1572,147
167,181
1849,337
3424,9
1910,312
1737,273
760,292
2707,184
101,314
794,356
2509,318
1758,308
393,297
1828,156
20,194
3345,108
1781,107
551,171
2514,410
929,13
2056,337
1785,121
2529,43
256,27
949,272
2587,345
3024,384
730,366
3348,160
52,226
2969,207
1097,316
3333,106
2413,323
3754,353
2663,299
1421,215
871,319
153,349
2148,159
1267,335
730,71
1937,31
132,341
2073,171
972,65
3720,378
246,362
0,20
1298,41
1588,326
391,248
278,392
556,289
548,410
1366,247
3989,310
36,185
85,368
1345,228
61,307
1387,84
2249,293
437,318
335,361
1402,107
28,181
980,82
897,28
1916,398
41,166
1651,240
1093,112
3734,264
888,179
766,405
4089,10
107,86
2786,180
3344,77
57,296
2910,264
1172,364
238,134
1527,92
863,373
683,155
2326,205
2812,264
1371,403
179,267
817,243
728,23
1790,304
548,205
3481,303
1307,270
509,48
1372,3
1991,109
26,287
1425,187
73,54
1987,96
3201,84
121,209
242,176
4055,364
1621,395
445,273
193,362
1691,197
1479,30
276,138
3071,24
339,53
1101,285
618,237
1475,52
2940,8
58,90
537,127
270,349
2174,130
198,302
3808,212
452,93
877,133
1125,393
1331,349
3243,305
949,323
3203,128
41,216
530,301
2343,138
898,66
12,231
374,260
89,382
178,374
188,62
1318,7
427,145
1657,75
764,99
2257,377
862,225
3243,242
2358,183
1121,68
2269,265
999,63
501,145
61,331
8,164
277,167
1127,408
3448,357
1723,286
740,73
2554,24
1924,353
1351,141
3609,67
436,267
2420,62
59,139
802,99
132,67
1980,256
1207,214
2010,280
0,85
1836,394
771,309
1999,103
1602,48
1600,15
1746,116
644,306
2668,253
1965,371
976,239
1751,4
1301,112
963,29
3514,323
1362,372
521,209
2001,35
2136,234
1130,5
739,101
771,117
1032,240
836,29
1089,224
2228,114
738,109
637,130
26,230
2180,241
1832,210
1,271
3009,137
1845,28
2910,402
44,256
68,326
2237,30
2655,404
2584,307
551,152
176,200
2962,249
140,267
2497,401
131,396
123,323
1978,260
1807,351
1842,88
1355,110
1033,93
1694,110
2843,226
1976,13
1888,14
2054,158
1426,183
1667,3
1179,385
221,371
634,218
318,109
110,85
684,40
3042,403
10,316
3155,124
1769,92
2446,239
3173,33
3268,198
1658,30
1550,75
2146,376
116,262
1917,366
251,30
109,153
971,189
1601,216
3752,216
382,369
2524,73
848,143
1315,120
1280,264
1900,199
576,153
1264,397
1733,386
1635,247
427,103
1010,121
959,370
197,308
371,253
1676,103
2736,134
1673,70
227,196
1781,139
285,258
903,56
1117,165
562,116
2778,29
2147,375
3146,319
763,386
1472,203
391,283
3617,318
289,348
330,163
3919,205
112,155
261,94
2387,368
833,358
1509,99
4117,244
330,155
1235,270
229,205
709,193
1173,93
2695,57
687,277
2892,61
1165,281
2182,139
410,357
792,72
13,101
4019,75
530,166
1912,269
116,331
391,243
2225,93
4,260
1283,79
73,39
230,385
2108,60
1117,261
1094,349
2160,384
3115,59
79,281
143,235
755,308
629,190
360,322
1934,67
2715,93
970,195
3074,276
2205,258
797,105
429,135
2336,229
604,305
1688,310
726,53
202,311
2483,252
2843,397
1212,273
1307,299
2521,2
1193,385
2506,266
709,368
2175,345
30,405
1897,100
3251,283
1904,203
38,251
963,103
1362,32
374,92
504,331
2646,80
940,277
1565,322
1428,189
762,154
1466,206
1555,142
2655,367
511,328
10,291
1744,298
2277,185
479,74
1322,365
2863,339
3111,141
1968,79
3439,61
82,260
3796,33
1972,378
3594,401
329,245
1996,25
1500,288
2650,72
36,4
1068,317
553,203
173,22
903,94
168,208
1062,230
2981,113
859,394
605,224
445,383
306,98
2660,398
173,402
414,95
1858,39
432,348
421,133
380,341
636,27
1870,156
3010,198
2638,106
1053,85
1569,315
16,372
88,18
2046,272
2053,87
10,228
1944,198
2850,373
113,143
102,83
638,203
2314,34
1585,34
12,346
1814,208
2798,85
1331,325
2135,403
481,4
2,14
1829,26
2630,362
329,36
1256,55
2498,220
1437,336
3182,97
2104,43
892,111
3823,4
1309,339
13,292
3587,200
0,141
2732,75
3605,110
2466,109
2220,253
334,70
254,234
220,67
1226,166
119,138
1596,237
1142,117
258,263
448,272
1489,23
481,400
671,407
2200,298
1048,388
46,47
1816,51
1210,211
133,69
3136,127
419,357
1741,12
1691,172
1710,6
321,163
209,382
989,231
1459,216
1051,386
184,117
2384,232
4017,350
748,201
731,63
2455,223
3388,152
1008,136
1681,377
2960,101
982,39
617,164
4021,189
149,135
127,375
405,364
2355,285
1651,411
89,173
722,312
1879,337
3845,297
2464,236
14,333
1843,407
1662,315
1568,1
1373,103
1773,35
734,283
904,18
1374,360
370,371
686,386
466,109
794,171
422,129
1032,336
242,362
295,190
3212,185
1685,168
231,94
3753,179
247,330
1066,175
1965,167
1125,171
1924,59
9,299
187,32
1619,313
3764,75
2243,119
376,106
439,52
667,209
2698,88
2906,34
1323,16
383,206
3128,310
39,101
1334,98
3798,139
261,112
1126,405
896,250
1464,293
2607,242
1056,113
2267,155
8,261
2471,237
16,36
250,241
2711,63
2143,127
321,67
140,349
1670,77
605,180
197,300
2265,361
2497,63
630,263
121,301
3680,195
276,278
66,207
753,350
2091,107
2136,289
470,308
1570,190
876,10
1703,280
1412,106
2115,38
888,237
349,255
45,351
724,262
2689,34
3110,317
1773,7
2377,302
234,363
1189,411
1100,317
2397,126
2586,308
3301,37
3727,89
1780,353
412,395
895,377
2391,311
2122,60
289,136
557,210
901,231
173,287
349,315
373,347
561,329
452,389
2564,109
2618,239
1561,167
257,50
420,7
62,182
169,396
913,137
2545,100
3261,72
1134,404
698,21
1411,383
1667,269
282,248
3151,366
2237,273
940,8
1652,36
252,129
3299,272
3068,28
3582,61
38,230
394,399
2381,354
3210,59
480,314
138,362
1653,232
678,169
2102,199
2646,113
382,163
1306,336
122,229
426,132
188,121
1212,345
2052,262
374,158
1782,379
203,164
1471,173
46,222
3273,207
1334,15
690,128
518,298
2141,89
370,324
72,228
1246,230
331,361
587,368
1023,298
868,219
1309,113
976,207
986,237
641,92
17,148
199,181
638,140
3140,395
141,297
74,328
1584,284
1843,350
1546,254
812,362
2639,36
2668,122
3409,377
3878,369
215,147
3729,361
1315,31
3133,195
375,350
47,158
190,215
3689,174
1314,349
3335,232
3470,362
2817,118
735,140
2189,117
1847,210
123,269
2256,260
2632,325
411,312
825,330
3023,301
121,98
2416,272
364,409
185,19
1752,188
232,243
1748,202
1155,169
3328,267
3723,400
2033,254
2873,394
656,290
247,294
2560,196
2297,304
1319,188
3014,309
1573,168
183,31
1218,97
823,187
2819,196
1320,236
675,341
579,256
2332,12
4118,19
2475,257
250,126
3000,244
3958,408
308,252
1577,254
1095,89
1550,112
95,87
258,123
347,147
621,193
790,239
156,410
3905,3
78,270
833,160
1430,59
2980,162
1701,290
714,174
3931,226
2733,10
2748,310
878,203
638,8
3307,250
2723,250
2684,174
3440,96
1547,298
2342,340
2652,60
1094,90
3489,138
649,166
476,281
1278,265
166,55
35,86
1500,276
1847,335
899,313
3989,377
2839,222
2693,348
3874,276
2991,342
1438,54
193,391
2666,266
177,133
767,103
941,404
2483,363
1470,124
1263,394
2686,203
2966,327
3104,76
2982,188
238,171
77,338
1874,53
731,36
469,38
676,183
3325,200
250,336
47,172
2290,290
2898,214
84,222
3213,208
210,387
1414,116
2502,348
2929,94
3850,323
55,121
676,45
1770,281
644,62
3659,332
684,68
142,345
2667,196
1162,379
1786,36
2897,397
1911,383
1410,54
2744,109
2168,409
3167,23
3909,204
1310,31
2155,139
484,304
74,386
3196,206
747,295
758,352
1479,368
3895,20
1195,281
505,120
2653,132
353,87
1633,386
2025,78
300,355
499,120
490,83
552,110
177,25
836,297
3382,275
3930,174
83,312
1150,93
294,141
100,102
1231,165
3238,364
302,312
1428,316
986,90
13,329
1128,375
1806,282
1045,213
2989,225
792,102
1384,162
1150,81
26,29
634,128
3965,393
589,11
1602,381
99,145
2802,399
1297,345
1161,104
1310,334
2277,226
1049,21
77,191
2230,143
1654,23
24,109
1480,211
804,149
2342,203
263,54
3389,289
71,100
2561,84
1943,154
2938,317
2877,348
484,189
2797,264
98,2
694,251
2587,188
1694,257
1337,396
632,163
3002,85
2365,26
612,373
2069,314
167,405
2044,249
858,97
1928,215
865,102
1783,309
1158,300
1,370
3092,244
142,360
1272,100
587,339
1806,195
3551,157
1710,53
1224,106
45,124
2697,202
221,70
5,239
769,161
540,54
262,185
1535,317
3163,358
1836,193
82,324
10,71
246,306
56,369
2807,388
123,357
3074,45
638,136
988,263
1836,319
2809,293
1812,320
51,230
530,320
1408,258
3267,409
880,109
780,12
1766,319
894,275
0,25
706,378
1210,148
1013,76
431,339
258,123
1860,301
259,354
562,231
769,263
1476,21
204,395
2077,63
1613,311
2685,137
572,28
3730,117
75,348
46,184
1624,156
1229,120
1840,395
1295,312
47,203
969,369
428,353
1652,110
25,154
1075,319
2336,0
60,403
1914,145
1641,141
3365,297
297,277
315,231
2191,198
2656,293
1801,298
225,331
4074,140
2371,30
243,12
2068,371
1210,219
1443,44
1731,206
3520,85
1096,43
1304,248
423,284
301,192
1673,61
259,165
3374,234
25,322
1868,381
1234,45
1481,144
2086,8
1355,100
2148,304
196,47
589,386
2843,226
3229,4
96,388
247,392
2805,26
1554,141
1922,385
2574,215
702,342
720,79
3642,65
2802,20
551,265
349,54
3807,40
985,177
788,56
215,275
1404,268
1229,60
1089,406
1564,322
281,307
396,229
2752,98
1846,145
1980,320
2550,241
977,48
337,18
527,110
1639,226
2564,218
45,21
743,90
3109,80
1650,350
1567,363
1430,386
883,138
3012,118
1132,142
1444,88
705,47
1754,319
3769,121
469,202
4025,256
1089,169
2346,119
94,276
283,264
4112,10
449,360
1470,250
2837,13
477,174
2810,81
151,108
205,356
2988,391
2751,277
2214,21
2213,121
2580,340
229,34
1423,100
433,122
320,94
1445,258
2738,266
3189,113
1741,166
1023,189
1578,222
3386,355
684,377
1728,245
1396,11
3963,163
496,55
2475,229
412,130
579,210
1711,361
110,214
1800,339
3021,188
2001,375
2907,32
38,15
2628,375
3037,69
805,267
403,200
3528,281
438,379
1779,122
1555,9
1516,84
1163,39
669,289
171,358
1793,71
1246,213
1367,374
625,228
489,390
187,320
180,144
1749,29
729,169
2255,226
2937,172
3133,311
43,26
446,52
159,311
577,323
79,216
1646,244
3313,99
1102,243
135,283
1217,388
2238,282
2652,3
3017,359
180,363
437,22
1617,286
3744,156
1880,5
1529,161
2363,159
129,152
2925,91
1218,295
2606,373
1951,185
119,294
808,137
1068,58
1542,50
2501,56
1179,39
384,0
184,10
586,245
989,74
1078,84
849,236
1241,335
35,313
41,35
101,204
2146,257
3124,14
182,181
30,216
1,26
5,357
387,223
81,201
4118,146
429,101
2,321
974,301
909,321
3360,71
0,80
1460,217
1302,266
307,249
376,38
1477,102
232,340
895,263
1295,232
591,5
1627,143
389,287
382,122
1161,21
30,145
1939,175
628,190
2153,128
1293,254
2306,6
233,187
629,262
1036,189
3940,213
1410,105
1405,366
777,260
52,163
228,134
2330,118
3186,18
368,158
859,347
507,85
1033,315
925,314
242,202
1284,294
1178,268
809,395
1443,89
2988,192
2603,136
417,115
2560,303
804,225
407,195
3070,113
10,406
2856,404
3449,136
2636,380
2687,275
863,172
3100,41
1940,397
1817,271
2705,325
3331,210
983,174
45,374
370,370
2131,306
425,226
248,370
4,226
1126,291
560,268
564,139
2246,120
145,331
1823,344
1761,368
1417,97
1977,22
2952,262
2546,234
1144,128
2617,30
1301,215
2215,284
408,107
956,97
420,52
486,94
3710,119
831,297
1819,407
791,159
1284,159
611,128
69,329
1346,16
3254,150
1953,345
513,288
1821,357
1814,256
58,392
1957,203
2586,78
2183,183
1750,243
1056,4
154,237
10,195
548,365
919,101
933,78
87,83
488,267
4115,34
169,312
324,151
2284,179
160,401
599,117
2824,376
3306,229
307,294
2329,212
2534,25
89,74
1363,13
455,240
2072,33
3164,288
301,50
847,297
3485,259
216,350
1453,312
4149,192
1069,351
434,95
442,93
1574,384
4060,60
643,355
699,236
465,255
721,411
1843,8
2176,165
1461,70
1251,408
1877,323
2014,256
526,151
1727,236
676,392
98,65
2509,16
965,146
2205,408
408,58
482,38
742,67
2813,22
71,304
78,138
987,394
515,312
2718,93
1872,284
1283,336
2294,334
2028,137
3,103
1204,257
991,138
1786,197
4060,336
542,342
2704,169
312,159
123,257
2098,287
2527,147
730,60
285,121
56,399
581,106
1244,193
3086,214
303,244
3033,103
808,14
1723,368
941,203
565,364
1049,334
635,371
2802,123
440,292
280,72
1659,283
454,174
915,104
756,358
76,97
162,268
69,151
908,355
383,72
3262,252
2158,391
439,394
739,286
636,215
1579,128
3478,351
2337,234
1324,63
115,255
1181,133
102,314
3859,125
1276,52
907,138
2780,360
915,122
27,283
3255,372
2341,411
3631,144
899,35
7,268
3217,364
376,121
878,219
316,331
1561,20
327,115
1,198
1390,3
348,195
1746,127
3475,260
336,222
2555,48
3671,115
1635,19
1,214
3733,259
2660,157
450,261
1130,129
2122,411
106,11
1195,55
2326,50
2156,114
761,125
23,380
5,163
937,65
673,390
1489,247
1047,291
560,406
3278,41
310,220
753,344
2657,136
3099,376
1444,202
2354,110
80,78
1046,72
1212,59
543,29
508,146
2390,246
3238,371
621,392
1636,119
605,56
1525,44
2482,363
1274,161
1678,69
3069,370
3075,157
3183,181
1338,117
844,329
1119,42
3819,118
1479,261
58,246
13,239
1243,87
2998,163
1140,360
635,359
143,2
482,347
460,227
27,336
922,165
232,167
197,333
2846,366
2011,231
107,130
202,172
2431,77
1646,162
523,152
39,52
1823,315
802,4
2362,212
736,195
1556,118
1347,99
564,308
1071,330
353,340
542,55
1193,351
1936,251
2194,26
29,93
3702,20
373,59
653,223
1548,326
1881,233
1404,98
1429,89
2618,67
919,15
2099,247
255,124
2251,309
3744,396
954,315
483,348
384,296
3581,149
3337,380
172,204
6,384
38,169
4028,227
167,193
1638,330
1151,185
13,5
298,390
3248,271
3741,193
2878,0
1986,227
1047,351
1765,286
1,137
507,6
950,102
2175,239
158,263
218,305
182,119
700,190
1161,341
204,13
2105,44
1152,405
2282,166
1808,226
324,380
2451,18
3057,309
1553,23
298,263
258,132
70,220
2281,48
1223,223
3772,2
2418,25
1309,356
1560,25
1,295
1180,205
2149,149
1,249
333,361
18,159
2335,405
1799,45
6,390
2475,32
3282,202
2675,310
3353,175
492,60
931,309
1773,86
2155,68
1633,406
3246,278
1904,138
91,306
824,157
288,52
1816,385
633,281
243,261
25,369
585,238
866,153
1624,353
1021,5
808,9
1773,159
2973,343
1502,108
1540,185
335,241
2221,89
1748,301
371,233
292,393
3415,309
44,209
686,135
2096,59
3053,25
468,39
63,196
1542,26
277,34
865,235
1035,315
3158,185
976,254
6,376
17,352
407,261
370,131
520,198
87,189
186,162
419,301
173,402
2224,183
252,363
1382,112
534,193
1273,383
2020,64
2523,259
2369,357
3525,304
2148,370
178,179
1497,132
105,310
136,8
1840,206
323,141
1963,19
1902,77
2002,148
421,271
292,17
141,205
2118,201
2560,186
831,151
633,411
1310,345
2314,39
409,411
2686,233
661,229
1569,85
1264,86
2636,147
2138,376
888,157
730,373
0,192
2866,384
649,146
413,13
1600,237
487,256
872,272
1408,240
2692,220
2719,172
1814,375
96,395
3301,299
2907,33
3099,26
3182,18
844,318
323,25
2932,60
2108,128
2258,356
1869,293
1695,220
2148,312
3353,253
381,373
1906,313
1528,363
17,327
3300,64
2602,287
11,361
1863,293
1128,58
2918,401
824,312
1548,302
2693,370
1137,168
1004,397
3791,273
1677,151
990,220
1381,156
642,303
57,315
386,167
1261,89
2222,294
2044,31
56,138
1747,36
2896,227
2540,410
10,6
3315,342
509,334
522,39
1036,54
234,43
695,40
118,100
3330,185
460,135
1398,259
2043,395
2898,173
185,410
116,320
2184,13
1345,276
87,313
2014,359
3219,296
1398,323
2636,399
270,85
1157,270
2499,87
935,313
1242,69
119,118
2304,204
978,201
442,63
1509,293
1493,127
1766,278
1726,218
2247,309
743,336
753,373
500,89
797,77
104,242
357,33
291,229
796,402
1528,168
2502,79
356,337
1374,321
419,296
442,115
2089,356
3804,192
1279,105
852,175
954,157
31,4
116,313
3691,318
1784,24
1535,21
1906,219
23,96
114,144
1511,351
2342,234
1711,315
571,408
2045,88
215,281
1374,42
2357,365
1400,159
43,130
1476,308
1372,301
3826,355
1496,183
886,25
1165,91
868,394
3463,380
18,172
3438,346
131,340
520,409
763,372
2321,409
1998,350
601,237
938,142
2197,25
2222,52
2609,5
2435,21
1279,92
520,351
2837,348
2115,401
160,138
1834,115
465,142
359,194
3152,370
2655,274
2570,293
165,63
2396,373
1035,197
4058,347
472,71
1298,114
3253,92
3455,177
800,299
1843,54
420,103
1956,222
354,94
1729,403
1056,123
302,357
1668,323
744,36
2046,91
3328,63
2091,52
108,62
876,271
225,33
1677,101
2052,26
1359,374
244,319
3087,108
2372,147
239,22
182,117
1444,1
1596,82
3141,274
3133,83
1277,103
1852,20
3391,381
65,322
423,106
626,6
1228,385
894,209
208,266
471,96
3327,374
1179,305
2869,340
87,140
81,177
1070,204
2123,33
2876,400
1569,2
765,318
961,255
1881,178
1874,140
1350,370
2494,199
1198,96
1296,187
964,51
511,118
2634,358
2425,355
95,317
1205,291
958,272
504,325
2520,73
527,385
643,167
792,14
3576,218
1772,390
919,95
2398,267
1961,326
2511,194
1784,369
603,259
1981,395
567,325
2261,300
2217,290
295,334
578,290
3574,353
360,11
1590,378
1239,270
606,169
249,6
1715,1
39,90
1721,395
1520,216
512,384
14,358
1749,167
2697,126
814,339
3137,236
1308,144
2320,240
229,171
202,389
328,301
737,146
1321,13
204,159
698,210
597,366
2182,365
503,166
193,356
602,411
1271,197
3126,279
257,151
59,73
424,29
820,168
1841,348
84,0
3597,369
2204,267
905,181
59,216
1239,134
2103,185
32,349
3023,9
478,93
1814,22
274,81
332,162
46,169
233,224
201,85
1064,57
609,218
2322,86
1735,386
3184,151
25,159
2582,346
1201,246
2690,305
6,307
2764,243
1852,129
3192,272
145,281
2890,81
2,264
1264,241
920,108
1764,260
2847,162
185,214
3989,47
1686,411
1398,40
443,83
3059,33
915,325
2851,384
1402,195
422,237
701,291
824,229
193,361
1765,124
1136,259
1024,48
1346,68
2894,77
3037,241
459,140
2338,50
2465,213
422,345
3287,66
1479,107
1928,389
902,152
1462,100
1612,370
1065,271
531,237
822,392
3904,233
72,65
736,99
1677,19
1460,100
1429,135
365,200
1521,73
3182,78
427,353
1103,294
234,227
3784,204
2056,362
2743,129
110,48
1034,86
817,334
1215,58
891,222
138,205
1247,320
742,154
265,147
2197,28
3781,183
2068,190
814,210
2717,86
1957,309
714,191
2901,82
1779,286
12,252
2114,13
1704,155
287,334
55,103
462,209
1269,261
2764,21
1076,91
209,221
11,124
939,304
86,342
105,267
1017,175
3021,113
1226,82
610,116
336,206
798,194
3137,67
886,89
309,402
1100,32
2466,92
2094,275
1049,63
2012,177
1496,366
2584,120
165,0
1304,171
3340,21
1039,79
392,110
1593,255
1071,142
2871,42
763,357
1110,298
1397,132
956,2
1855,227
3479,140
406,391
24,128
109,73
2124,291
1533,44
1429,367
324,65
1119,80
458,327
3351,221
3453,345
386,376
1559,405
2163,5
1405,207
13,34
3583,113
70,302
1106,122
243,40
496,25
177,7
3287,245
505,242
103,343
1376,123
974,39
851,61
234,150
1268,112
3846,314
409,316
3314,50
997,400
3535,341
590,62
2241,256
1230,281
600,62
1360,117
66,75
2494,189
3176,398
180,129
1826,253
939,84
749,320
1145,299
1392,363
187,165
2765,349
773,58
2334,240
1388,190
1830,75
309,106
406,192
1000,24
30,242
3069,76
3527,332
1512,3
2939,410
1787,314
3114,169
1082,280
1378,64
1863,348
1706,274
1758,68
3818,287
178,5
227,275
68,409
3524,131
3438,306
2824,263
3205,170
4127,124
3349,92
1183,386
1259,349
655,124
804,173
2388,201
314,70
922,5
1331,307
312,47
1425,374
2071,203
144,289
2582,226
2330,265
419,271
1844,53
1500,83
506,281
2184,193
2513,186
144,405
1412,196
210,29
3749,73
2793,159
2090,29
2512,273
610,319
50,257
375,282
128,391
2635,253
3668,64
1250,94
328,278
2838,93
1136,66
1456,150
3217,2
203,135
14,107
209,390
392,139
1649,32
67,78
2611,116
232,342
2461,143
533,124
240,5
533,287
1936,145
2066,54
184,387
2513,108
1502,320
1721,324
3296,301
2701,121
1698,411
1289,216
1799,13
1469,362
150,374
3101,258
1824,234
3101,183
976,214
5,324
101,378
204,29
63,309
807,359
241,275
1368,351
2919,167
1293,23
1397,188
718,21
1232,16
1484,111
3026,39
2505,236
46,61
455,189
1025,197
1815,158
2016,27
2363,110
365,102
3492,279
702,41
1169,262
853,321
2283,15
4117,227
134,321
646,209
57,295
617,246
2396,255
3518,403
2646,69
1978,292
3567,5
2599,98
2150,33
2527,401
474,311
2169,235
380,338
938,363
616,113
3435,89
1339,357
3062,25
1934,404
950,27
1929,224
1240,234
3532,321
948,14
1276,125
1695,113
737,149
873,275
1065,276
2439,114
3167,280
1411,257
677,236
1482,320
2656,241
1421,7
2924,83
1678,161
3005,371
681,250
368,332
318,241
1963,198
3447,112
2349,109
240,199
402,84
3048,288
166,387
420,121
218,12
128,113
203,318
1541,368
48,165
235,4
534,345
1734,360
165,231
548,33
1324,224
1154,27
1885,268
1832,334
913,132
3075,126
1291,393
2121,287
3141,151
267,98
2121,149
679,38
3117,109
2356,253
1785,293
3505,122
1220,253
893,95
849,276
676,127
185,142
1149,256
216,261
1538,59
1896,198
1794,212
3288,240
954,129
657,321
976,45
1256,13
3132,58
426,272
2048,36
1130,102
2543,91
2036,69
1029,318
199,1
147,303
2463,6
1990,133
2274,320
2001,196
145,238
931,166
137,152
93,368
284,265
1179,403
2898,373
3986,83
18,57
2940,271
1953,115
1105,87
3057,140
28,266
2256,172
3267,47
358,169
927,406
509,119
3672,104
347,309
2967,353
2721,289
2814,205
90,108
204,294
501,321
1531,139
540,220
52,146
1288,115
2146,50
272,283
1420,140
816,39
1458,44
3125,336
386,399
3842,318
689,182
1321,280
835,89
1638,20
139,357
1800,322
3198,362
962,80
198,410
227,118
42,56
127,96
2492,209
810,182
699,31
96,403
1178,183
364,208
254,411
2455,47
1861,245
801,400
2743,293
186,21
414,367
1787,84
722,356
161,397
245,123
3980,31
2278,20
93,241
606,21
1167,137
2357,169
1748,312
735,27
2116,156
2636,199
2995,55
2519,407
554,329
1622,97
333,364
1388,309
1025,149
2978,141
89,356
2042,24
593,124
1908,177
54,383
1097,142
4019,251
307,113
3432,246
9,360
1589,216
680,297
648,139
1898,172
243,372
241,137
58,215
483,138
139,300
259,370
57,188
552,329
480,287
1031,381
1459,354
2900,22
738,352
505,164
4058,149
687,27
469,106
3740,241
2296,213
2116,278
1017,151
1186,145
530,154
882,152
652,37
13,88
1224,208
1452,280
265,403
1773,154
574,372
1819,256
2016,266
894,359
2632,22
1153,210
583,389
763,314
2765,351
394,316
133,126
1005,298
1237,206
284,51
862,23
455,202
966,169
560,17
372,376
3067,177
2483,272
3091,279
108,322
3390,404
275,259
941,161
2571,107
1322,196
395,182
1229,76
955,163
1413,13
66,75
294,88
120,136
758,344
47,221
1703,395
156,239
1013,267
809,262
100,394
88,268
3306,263
1341,297
3744,31
2466,7
1363,148
37,13
1581,59
106,242
1572,143
3565,396
197,31
1420,236
2879,156
1504,230
2946,85
2514,303
214,25
2112,386
1118,107
445,106
3182,179
1975,227
2137,334
42,395
1948,90
2232,141
1510,71
3611,127
452,374
2273,407
3236,253
773,192
274,99
4,296
3204,394
2664,43
416,26
371,195
1072,140
1128,376
2195,254
1215,298
485,114
800,111
2177,97
729,381
1042,138
1010,149
618,42
3292,38
938,274
211,112
2308,97
1169,241
1592,75
2133,339
371,280
3574,232
1384,193
1862,251
2871,394
324,139
1881,337
1127,37
21,53
2998,113
1674,319
264,243
1363,169
1773,208
2902,367
325,136
256,71
446,346
416,12
2939,214
85,254
2872,292
2767,113
1579,120
3223,121
180,73
2686,411
1242,410
25,15
257,1
1461,12
1592,139
1848,346
1057,310
592,32
339,321
172,128
2766,9
2383,201
1353,225
2688,231
213,166
2003,206
3009,34
589,410
3146,181
1142,386
1813,145
1126,152
399,64
2922,217
1159,88
341,65
3074,276
1582,13
387,225
238,183
750,145
1546,28
1591,259
409,148
2513,373
355,34
69,83
3709,393
990,138
1125,117
2881,197
2588,328
3634,27
2497,64
706,220
631,290
330,288
3746,370
2660,379
2521,260
1345,295
1782,113
3040,260
657,78
1681,106
1896,20
1211,53
722,392
1789,290
3014,135
2267,311
1316,129
689,61
627,131
2662,199
738,389
936,44
377,107
107,339
246,232
843,277
224,256
1484,178
2359,112
1282,248
889,218
974,298
288,362
1222,22
2895,16
2232,270
2802,260
2187,61
2949,351
2801,38
143,403
2640,368
1952,1
421,72
269,225
2920,258
961,294
403,389
2389,142
745,285
1406,22
1493,320
921,387
1285,239
2160,390
530,156
1562,397
3496,370
3041,43
2130,234
204,255
170,93
812,302
2212,201
3348,106
110,244
652,363
2193,222
674,325
227,399
3366,374
2473,281
1005,260
2339,110
1822,48
1694,101
3125,146
806,311
679,62
2729,121
1044,268
1026,349
2138,305
3274,13
3753,262
1366,342
328,227
2452,96
2834,334
1810,24
2780,78
3376,42
4001,383
2381,33
907,152
591,56
2909,322
2663,376
1724,52
19,60
32,331
2010,261
1237,132
966,21
3699,275
2318,187
554,334
2322,111
718,128
3685,5
2753,385
927,312
18,99
230,318
682,53
3678,238
191,94
579,78
134,166
1526,263
2950,321
2184,337
2693,344
2143,155
2095,246
74,71
3288,379
1401,98
878,168
2910,162
851,377
2719,117
45,290
2210,258
727,238
1215,406
138,212
2383,384
3470,319
691,366
2426,42
1930,87
2359,138
1827,408
524,199
1036,231
1685,300
3,162
2992,87
1460,389
72,36
712,97
232,25
1097,406
202,195
867,150
1497,395
2144,8
576,206
3830,226
3651,69
2547,358
2678,144
3386,366
3354,256
2380,171
58,237
2512,11
2878,41
1066,411
2348,403
975,329
156,176
39,366
1830,86
3103,381
573,3
1245,251
419,96
770,313
315,64
2633,71
2489,2
2442,266
1504,391
240,130
673,153
3915,134
779,288
502,159
14,246
2013,28
243,197
363,226
1896,314
2854,296
577,351
1397,168
338,54
1341,142
1500,224
1932,245
2259,56
3652,29
665,389
2621,127
883,209
1641,279
1750,101
3354,218
781,371
55,122
1600,106
1681,360
1815,24
1452,386
3815,5
458,273
496,385
2164,216
178,386
1373,375
1982,34
28,271
4008,234
31,176
790,131
2774,93
1900,320
1054,324
1736,326
1911,308
308,352
106,290
1971,113
3604,356
448,254
736,52
511,294
72,181
1688,342
3108,385
1012,234
1822,182
1392,66
2702,178
69,400
455,101
36,398
4011,269
3629,300
170,244
985,372
498,291
287,302
1018,198
827,321
3439,275
1922,384
18,196
955,380
199,58
1744,25
475,216
624,199
153,248
658,393
69,388
3358,102
95,251
432,328
2085,212
289,228
271,369
3180,373
928,130
805,21
234,221
2953,123
217,140
69,226
28,151
604,319
620,62
405,122
390,197
719,316
12,33
721,324
3502,367
1987,56
3206,314
2955,34
225,55
2415,63
2247,76
2165,196
526,227
1289,59
2390,119
2464,309
455,333
2714,397
526,193
1141,350
1057,300
806,45
3759,398
1917,283
441,200
1535,213
2827,205
1897,152
3706,255
184,82
1944,355
649,197
186,271
1366,98
800,251
483,176
65,287
727,62
1053,175
1965,214
2953,255
1118,38
2924,135
1306,21
1,63
49,221
2900,27
70,258
253,34
3233,246
455,275
2922,307
1327,234
1585,324
828,320
2847,342
1121,300
251,358
1103,165
210,277
842,345
950,377
2602,26
959,363
2354,78
1135,226
3272,157
274,142
1377,56
139,83
2678,226
2446,7
3306,326
1509,287
3297,349
1380,132
438,100
277,141
1517,140
64,130
1991,142
118,31
3034,295
93,199
82,167
532,181
1910,233
857,172
3428,408
323,129
3322,177
2846,171
1770,162
585,166
21,191
224,287
1372,310
199,217
1044,37
2680,177
3156,257
194,29
3983,196
1711,37
49,92
614,389
2008,283
35,331
46,154
1511,65
1168,225
228,132
1470,378
1564,151
1955,385
192,248
988,11
345,172
1122,285
2447,193
118,64
1632,344
3416,97
2077,74
2333,324
1424,54
1085,218
546,264
369,274
1597,156
385,195
934,37
426,299
2588,157
1621,132
1690,262
231,340
2087,318
1022,288
4013,278
2186,294
2701,291
3132,129
698,252
41,166
812,299
655,59
293,57
730,89
1288,9
2754,233
1417,34
3144,39
2149,327
1630,234
1296,0
2135,331
1193,255
399,131
1794,343
1488,301
2099,181
921,342
209,271
889,129
2038,267
1003,19
3254,254
1612,169
60,296
2331,259
942,99
623,23
1828,325
650,261
531,52
1859,69
2399,279
19,11
363,310
3835,365
949,85
4079,76
2302,222
871,116
3894,331
389,201
2924,29
2304,348
1705,377
2785,393
657,327
552,216
1500,42
3759,233
1503,112
1915,115
1643,389
2131,130
640,334
1291,369
1843,104
2968,394
3651,217
815,239
2941,271
248,204
2065,317
1371,11
272,64
82,90
2332,101
544,250
1634,145
225,11
1708,193
353,355
1679,361
2701,91
414,324
2135,110
2454,25
2480,329
3171,288
1947,16
2814,200
3113,182
810,37
1317,273
2405,149
1822,287
711,161
967,246
346,273
239,113
2212,203
1081,246
730,394
3667,378
363,195
530,250
4127,220
2566,358
240,340
352,271
3628,389
254,187
2564,177
4,307
140,96
1069,181
1196,211
173,61
224,301
1667,196
408,26
2365,301
209,88
1153,194
2874,306
2688,56
2177,139
3097,170
1182,319
1481,408
3000,102
2723,266
3543,73
2742,231
279,81
1058,255
2631,123
156,287
664,200
25,169
12,249
2525,61
1235,75
1385,329
2188,12
2906,173
1590,100
783,393
188,28
342,178
2750,253
1527,34
805,300
64,230
3126,181
2359,277
2247,283
3417,224
153,367
154,250
332,399
1532,99
3786,28
2905,389
1425,85
486,399
812,62
28,347
507,349
2439,25
122,409
269,92
3105,282
4118,161
620,345
2120,382
952,93
178,217
976,68
564,10
1990,156
2753,337
750,63
799,398
651,228
1424,65
2676,349
250,383
110,342
287,317
1317,324
651,239
1110,190
3165,385
2537,142
439,97
690,282
191,300
243,273
358,314
650,293
3028,384
495,396
2699,186
784,174
2602,2
531,270
1443,339
1425,155
1145,332
987,110
1685,39
3019,28
3253,349
1255,44
2962,342
1443,66
2219,147
276,261
1554,285
1339,363
1783,254
32,95
306,222
1244,190
2291,333
533,259
2544,130
1038,235
2812,199
2834,7
509,231
2859,73
3466,58
1419,24
1191,44
2425,116
861,327
619,193
882,339
21,306
919,382
2201,180
1046,330
1503,124
499,16
1149,128
428,126
984,137
1971,32
2592,339
1066,309
264,217
1022,87
3026,94
821,21
3116,129
165,340
3776,242
2967,253
520,330
1755,231
892,261
3878,292
198,84
2702,209
520,363
329,48
193,377
266,271
592,64
2669,123
1506,371
571,320
2026,247
659,318
1377,8
1485,327
0,100
1391,289
3336,226
2242,274
729,266
610,31
1076,103
0,138
1670,408
1582,320
45,368
496,182
14,408
1701,8
227,292
3462,355
1,244
27,144
1088,135
447,35
724,31
525,277
1111,289
243,207
1850,84
1294,78
418,222
1102,318
511,298
2954,364
3028,7
384,348
1240,112
324,49
46,23
730,405
3609,352
295,404
12,321
2939,148
305,268
2722,377
3096,153
525,351
3094,395
373,387
764,281
1711,71
569,83
3697,318
67,68
810,13
3286,217
145,146
1497,398
2248,78
513,22
283,16
232,360
2948,100
10,391
699,219
3431,259
492,130
1026,380
193,104
428,3
148,312
1163,275
1462,264
1388,95
1069,239
1656,42
388,29
119,114
834,143
263,24
2747,106
1214,83
1021,68
1467,55
149,95
843,108
1671,79
2448,226
2507,98
153,369
195,25
3689,162
996,107
1035,177
2584,320
34,239
1676,161
2210,111
3710,192
1035,273
2076,301
361,361
1424,365
3995,287
876,324
3138,342
641,323
2106,397
968,275
2073,295
1436,250
3472,218
514,323
1622,323
85,363
1164,212
726,144
1655,294
16,209
3717,249
1802,113
1251,364
2612,374
1658,324
62,365
2425,203
1811,165
267,378
242,317
2649,398
832,221
3038,223
2715,393
230,220
2487,352
3944,34
3813,25
3637,342
620,318
1517,364
2913,44
130,410
1584,369
272,123
3433,314
468,94
912,182
32,11
1924,205
848,264
1678,387
2947,96
49,162
1830,278
219,347
2017,80
871,165
2555,279
275,333
147,124
406,87
2995,264
2225,143
2388,108
1998,55
973,142
83,47
2206,246
3575,304
1232,134
755,407
2932,133
2416,88
997,406
909,288
682,48
1754,369
626,201
559,161
461,385
666,100
3360,31
2196,39
1788,122
835,256
1873,166
3167,36
2727,128
1970,314
112,43
1232,74
1279,401
1617,249
2673,129
3249,341
631,307
135,11
2943,60
64,303
2606,303
168,209
131,360
1152,99
2186,213
1947,44
3350,101
2967,86
1203,272
2521,243
598,127
583,349
1992,86
2153,207
2773,125
153,380
1974,2
2692,54
918,103
936,147
216,164
1458,384
1370,395
677,86
3541,349
25,159
1993,224
2241,22
1031,183
466,104
177,381
1319,285
584,61
3643,277
20,23
315,351
2295,189
1989,257
169,129
2963,108
1469,107
2409,359
2860,338
3381,261
3470,405
356,11
2611,407
1525,337
1746,347
1200,317
3755,306
1297,47
245,196
2902,114
58,277
2038,404
516,294
1126,71
1675,217
442,304
229,50
133,163
2371,410
1382,22
2879,188
1187,395
39,319
1311,411
2657,371
2454,85
48,338
97,103
104,95
1196,247
8,81
2419,113
3857,282
1901,209
54,14
3924,98
2158,106
958,102
1009,372
49,87
1238,347
927,210
302,279
107,234
2785,88
2079,311
3143,146
3524,248
930,312
786,150
2,254
2843,116
2154,178
935,114
2678,200
3732,210
413,92
3939,16
47,120
889,197
254,96
903,410
2748,406
2829,408
1744,170
1908,48
552,277
3640,91
2060,200
905,22
1266,203
1508,123
534,91
169,40
2691,403
2948,23
2114,367
2047,388
2995,251
368,79
1567,410
1662,53
3921,104
660,208
1334,137
1231,110
134,242
2554,50
1136,132
2736,166
1122,203
52,231
1609,300
333,351
252,92
1495,278
1896,205
322,43
442,258
1235,143
1196,49
107,110
3577,92
1448,402
522,139
234,190
995,163
2852,83
2161,258
1704,323
2695,98
1340,80
3021,58
14,129
180,141
43,353
2195,373
141,261
1572,23
308,145
2625,394
445,341
537,125
1729,113
3234,28
1229,214
1178,357
1850,308
0,88
219,82
1915,317
1121,42
1428,55
1115,318
152,257
668,251
2319,103
2435,8
2002,124
2553,82
1584,323
3374,57
500,284
42,399
2881,330
3100,341
2751,212
43,144
278,22
3010,184
910,166
1380,115
3308,168
1066,214
2934,2
74,399
169,115
481,291
339,108
1620,306
1216,49
620,125
2532,8
3016,377
1082,158
2167,182
3297,44
1783,77
1608,215
2983,120
271,128
954,173
2620,59
480,221
248,257
108,170
2888,228
2065,364
1697,247
2049,355
2643,60
3098,40
1771,42
374,364
615,104
3208,349
791,373
933,395
1541,380
1163,102
631,51
2962,395
1105,71
3544,244
1123,354
4141,46
2276,290
2024,31
2105,80
1712,194
1380,268
465,188
4136,57
2683,247
3315,228
2288,238
1423,240
122,235
2877,120
2914,396
1393,175
697,258
1547,116
1693,16
1200,248
1698,55
1140,165
1122,80
458,238
219,212
1852,353
2511,250
3109,307
654,286
1283,207
1120,111
3511,378
23,207
274,37
2084,10
2659,395
2188,87
1233,50
614,136
1323,244
1747,37
1248,373
296,312
1960,376
1622,226
129,290
249,191
1198,76
1788,262
1516,198
306,395
1701,68
3633,251
1535,114
762,19
1643,386
1033,306
627,146
2072,199
1022,154
1978,220
2103,307
6,281
201,144
2040,50
3388,108
4112,385
654,182
3301,301
2194,61
387,141
2346,126
231,375
2457,188
2176,121
116,85
2966,61
2132,83
2223,234
882,38
22,223
862,44
1405,42
2845,407
466,406
2407,210
96,149
914,265
2417,181
2191,236
469,71
1888,186
285,185
591,330
759,334
927,147
1290,352
54,288
1096,164
1005,134
2477,161
2575,220
2557,56
737,110
1730,39
1153,76
134,323
109,111
2925,316
514,88
2892,115
214,317
2197,207
686,366
966,26
1054,388
14,197
792,216
1780,149
1029,375
1216,145
560,107
1443,110
2573,97
618,378
2459,49
1515,35
2318,312
946,341
36,133
727,46
660,110
1418,331
436,406
2405,391
2044,77
289,368
1418,365
1696,370
2444,93
155,226
205,49
2095,257
1102,191
3234,49
291,351
1249,396
2544,326
1199,248
320,220
735,89
1406,390
1183,330
1980,221
92,405
1188,193
1880,172
3014,126
707,33
3826,84
468,298
31,351
314,210
447,132
87,95
40,382
901,257
4139,169
2491,403
2284,304
387,308
1472,109
3635,7
3512,26
7,282
1691,395
47,26
988,253
1483,383
372,397
161,17
2265,397
2746,115
142,306
259,167
1603,291
158,277
3187,42
419,210
1435,126
3304,293
386,181
