lhs,rhs
1238,300
1032,974
184,1098
1015,305
265,1073
1607,412
771,63
1652,470
630,1036
1458,715
52,538
568,459
1008,461
0,473
244,478
1484,998
1758,937
2197,287
2883,309
2558,1031
258,636
1588,969
2243,856
211,915
2245,282
336,1115
1161,981
288,399
176,27
492,939
1285,636
1538,1102
3133,875
1701,534
825,576
164,166
22,761
1553,363
768,608
1100,1110
122,298
202,286
2856,141
2605,335
1832,393
76,581
1619,68
548,488
1074,230
2487,579
2073,131
1425,312
3065,1001
2716,68
2083,1012
618,1107
148,956
666,554
1774,573
424,1078
102,369
1098,907
2654,167
3368,444
1498,732
684,849
1521,231
2259,861
157,710
23,185
256,789
917,57
948,182
94,1039
1594,65
1252,955
23,392
1941,127
1933,707
332,157
1011,926
331,747
1945,173
728,199
2117,372
1428,444
1088,176
22,560
2181,474
157,1005
423,1025
205,724
2099,729
815,415
14,851
576,994
284,101
326,585
1213,887
238,478
128,343
929,639
502,766
49,786
2156,654
659,131
39,404
1072,1102
736,754
1563,1057
778,676
2650,314
902,143
2683,429
178,736
1807,1061
48,57
283,94
376,434
67,625
1804,1081
10,416
910,286
129,557
2099,250
2045,469
990,764
582,923
405,243
1706,172
1360,1033
513,853
2350,920
307,414
2050,120
2906,899
491,910
1010,69
1928,226
838,608
1228,382
1175,427
1554,349
2137,25
1355,524
433,144
373,300
932,149
397,965
788,398
700,750
253,346
487,965
970,673
2428,552
33,413
1408,118
1604,589
2786,387
654,501
618,924
689,25
634,357
74,691
1927,351
2220,35
800,83
686,179
3328,613
155,885
146,989
1649,194
295,970
101,560
32,877
461,179
442,412
121,285
49,121
1464,671
1058,601
596,726
585,83
410,409
674,1020
2453,266
734,924
40,916
2653,941
510,1029
2966,801
1313,314
199,1008
2528,731
1811,664
1423,1071
335,254
2330,17
3014,571
2431,678
964,93
681,736
259,1087
129,947
852,635
511,497
778,960
633,364
177,1061
178,1114
1616,340
3107,612
1017,737
3049,781
1139,18
1954,488
13,1001
2360,869
1553,572
2760,1115
392,600
383,879
116,698
3397,272
493,83
476,536
62,50
1786,1077
1437,931
11,11
2874,825
126,398
1009,977
363,199
2119,688
105,88
273,83
409,750
710,1022
1956,156
706,1016
1746,0
3286,170
871,823
3347,1076
2474,385
2244,1034
3344,1113
226,493
165,684
2117,183
3122,735
1992,1071
182,618
556,857
713,252
1946,424
140,146
23,466
208,81
721,402
410,741
6,1054
1555,316
268,160
338,1036
15,465
933,63
800,142
180,216
1380,634
1556,441
16,593
458,1057
425,517
43,228
1630,1023
1717,280
329,452
1213,591
3441,811
1596,880
2270,973
1260,1099
1346,433
2942,813
324,621
728,882
681,1103
839,772
1945,223
3008,385
403,223
3021,863
3,544
1091,640
2811,846
737,675
1797,223
563,971
80,915
1463,965
40,1078
259,155
2988,180
69,738
1292,987
2652,641
287,725
1282,596
1109,160
1665,270
491,535
1279,995
2840,739
11,872
749,173
1410,186
208,721
614,456
517,147
568,1005
1224,677
507,456
897,936
3124,622
215,658
652,471
2312,148
2297,175
291,469
1252,202
1502,651
906,343
593,685
2410,905
1152,491
1557,370
73,503
544,223
2659,719
21,1070
1049,209
365,1043
2380,96
1025,592
1524,730
3539,533
1678,655
732,512
162,779
548,1075
1925,793
414,233
1389,537
1815,938
801,799
1713,596
1123,1028
1211,619
1750,423
179,374
340,970
155,944
1560,185
2465,316
1782,767
1637,838
471,862
58,384
1130,282
1580,1109
2169,869
2198,116
2814,664
602,720
108,481
43,495
368,947
2435,546
1123,422
1298,201
987,336
445,819
1041,19
1773,71
3386,224
2675,1042
2183,543
5,895
1278,493
846,575
648,6
2893,432
1932,792
183,280
422,568
1287,787
979,581
1146,1105
3056,46
1063,737
1498,878
1178,1006
1756,960
1554,1004
334,928
53,170
1533,452
503,872
1305,784
405,88
34,288
81,916
1620,554
1153,361
30,851
1410,1108
378,429
1081,717
591,198
2329,993
395,3
2094,528
2304,275
1688,765
45,183
2365,1050
89,944
456,179
582,187
3287,417
383,926
640,384
19,184
422,682
1795,76
2042,1064
724,1012
545,24
1,260
157,919
2315,753
1687,937
1826,363
1964,485
2261,226
757,644
1370,154
2102,346
1747,540
3538,308
1286,727
49,227
1177,1030
184,307
2028,1108
2244,908
934,501
459,580
86,484
510,549
2175,1021
11,371
409,223
995,1025
885,707
170,49
118,633
170,156
2710,895
2477,276
958,579
365,919
180,430
581,743
1415,449
1308,184
1068,20
2295,881
686,61
480,1045
2416,68
2351,660
318,469
113,155
3483,1057
483,125
606,947
86,1069
2531,519
664,971
612,832
244,950
1907,497
308,182
352,1047
2221,547
3420,229
2748,211
592,554
517,830
1645,288
96,785
2070,319
1801,395
757,89
2782,23
656,595
247,567
632,1067
1040,309
826,664
3336,508
1231,326
120,941
833,380
1952,372
867,993
1111,680
1448,1012
495,1081
197,127
689,76
339,226
292,312
1598,274
878,961
2559,3
2435,612
1746,448
82,743
1132,89
2617,118
1962,159
54,234
1514,723
1,402
2918,519
1460,665
1503,883
1705,772
2153,205
559,80
1353,174
780,432
874,290
2814,57
237,1002
314,965
2107,692
2445,107
1866,223
49,17
145,36
3438,784
513,793
961,174
285,530
1033,133
946,1056
1660,900
2138,740
88,91
1106,956
471,342
321,313
680,13
840,152
35,358
630,49
1032,482
1098,1067
1730,485
726,15
15,517
2236,98
1730,899
1337,519
224,737
1820,91
2230,418
75,1050
2446,220
2647,383
1404,965
1269,867
1461,96
538,381
334,751
2385,409
1537,606
2253,65
118,495
239,587
480,680
344,890
869,711
976,324
1971,736
924,26
1138,852
756,444
1584,322
386,60
1217,411
2342,804
1029,864
594,7
1091,334
3528,240
296,44
672,511
1181,792
54,313
894,949
661,979
1672,115
905,643
1063,717
1016,365
274,382
732,338
1770,274
1937,434
1967,930
3751,1031
1304,195
33,51
643,353
406,84
888,554
1099,161
522,850
158,184
1406,590
518,867
1002,307
515,396
992,242
1823,714
528,246
1974,519
507,139
2882,227
2456,342
1776,1086
305,605
251,430
878,597
35,942
1406,91
556,866
1398,513
483,697
7,795
424,208
25,1056
1182,971
945,46
1249,1077
249,1091
2057,905
781,636
64,408
229,409
2206,350
445,1012
1009,165
61,622
994,864
107,491
819,1069
1578,938
676,444
666,504
944,516
443,174
2032,1087
2129,352
2647,268
1411,955
507,142
1440,423
544,84
1450,446
101,506
3047,954
369,208
1727,827
1917,204
1314,655
1835,37
2641,1017
1184,719
282,375
1561,32
51,1050
3,589
1208,770
2791,912
3285,1053
664,1067
1621,76
755,188
550,460
96,451
244,1026
1977,869
663,663
1275,516
2098,543
458,774
1244,599
142,195
295,126
200,48
193,696
42,479
975,230
1144,476
321,732
1656,841
842,450
902,885
2359,482
2149,773
676,125
90,766
1185,1019
1212,510
2171,591
2392,589
2583,1018
149,722
2176,741
97,815
980,691
216,146
818,593
596,276
1350,921
662,259
1410,10
1500,848
1763,783
1032,750
1763,806
1736,622
382,134
2421,171
2224,562
728,41
696,632
1051,937
1071,714
2772,293
2538,1034
972,203
1089,733
171,13
1208,96
363,628
2955,195
877,85
988,739
775,920
2365,1080
406,395
774,1035
615,373
1341,433
1535,619
47,880
809,257
1859,418
826,754
1260,887
3068,558
1145,576
138,42
14,637
1495,1043
3,196
81,728
143,917
1761,133
484,828
734,578
1167,170
2973,11
614,1022
2108,48
713,215
1300,100
390,177
1095,82
1682,458
5,276
1123,327
2233,1109
1059,189
419,13
450,824
2692,366
53,1003
2420,951
2314,131
1415,255
2549,1049
2535,657
1397,527
56,375
1832,542
945,118
861,597
1803,303
1891,338
1338,833
2514,103
1492,1109
1005,264
553,305
1981,38
1379,465
595,190
337,386
595,538
210,583
294,792
871,189
1767,800
766,532
1175,31
2883,381
927,744
101,11
116,215
538,418
1491,791
458,784
2183,310
1447,293
2429,848
733,1012
151,42
318,631
894,779
1270,674
643,965
747,675
298,716
1117,1098
1972,307
217,329
738,206
1313,43
1320,359
1753,905
749,654
2521,420
1013,953
8,760
652,335
850,961
1021,713
589,592
290,719
2422,789
794,348
17,139
67,598
407,1023
1647,818
445,806
926,689
885,431
326,820
791,667
47,492
1608,586
774,875
2517,873
1693,756
2758,1043
1204,1079
1678,1068
2334,983
2487,1004
675,773
2455,294
1148,377
620,543
1566,361
1670,374
2539,999
2192,395
837,250
537,577
210,196
3142,226
2484,628
2039,391
1765,975
2602,63
391,840
93,959
1140,990
2126,467
442,684
166,761
793,272
3743,1054
2165,192
43,579
694,666
1870,573
2637,187
728,963
19,650
932,334
166,83
999,878
945,755
27,767
2898,429
3526,759
518,1088
593,434
2313,35
1863,256
1566,464
1939,259
273,577
222,550
246,1029
307,882
110,326
2731,625
304,247
964,1100
1222,507
2155,721
728,818
786,593
429,0
242,511
1609,77
819,524
847,565
2563,802
1195,588
251,861
68,365
55,569
2712,930
726,165
401,37
578,403
282,811
622,728
299,17
1962,846
144,1082
584,1029
456,224
2388,715
232,1040
383,535
2901,318
1915,679
819,457
177,661
2904,838
2886,1060
52,628
1351,414
1126,642
984,464
503,578
1884,987
1036,1059
1305,538
3316,1114
273,680
320,863
299,318
1870,575
2482,542
1843,813
1376,288
30,348
897,1078
596,363
552,912
978,475
1710,105
1971,932
1230,772
1863,728
1123,446
1196,114
2495,1051
2956,765
2602,998
643,906
1526,866
2427,754
569,613
2116,361
1968,637
370,120
679,23
586,1018
999,566
1266,355
292,769
2092,159
152,497
89,817
1384,879
908,268
1006,827
1730,741
342,182
3209,176
594,275
1015,537
83,348
223,857
2136,887
2354,7
1563,961
3203,101
1081,997
407,625
1922,565
65,370
115,1049
267,300
848,1065
0,304
1328,75
3046,428
1853,900
392,115
2696,130
934,656
1349,912
1549,860
2102,1082
1246,233
114,181
921,720
1656,809
1347,972
244,977
585,733
1734,182
1672,234
2120,91
1113,189
2518,482
1310,600
1201,847
265,486
302,553
284,680
2809,978
339,863
2290,370
1041,412
43,943
1324,171
1307,247
1689,43
1573,1045
1013,841
2124,316
2538,633
2129,974
256,580
658,920
791,179
3472,693
334,37
207,253
1412,751
2642,949
2643,522
3111,847
1915,158
1169,26
2376,1087
167,293
1703,277
26,958
75,968
138,536
2432,670
2028,230
535,918
945,786
2183,261
923,952
3134,378
145,677
2174,203
574,603
2113,724
2221,976
582,1030
844,793
164,479
589,755
44,747
1060,1061
634,451
1196,666
843,99
477,925
259,1097
691,198
101,1002
2585,348
183,250
3117,782
188,498
139,886
43,510
1122,1118
300,814
1265,538
805,974
110,1107
2729,861
2008,683
329,559
1900,873
18,819
328,415
121,24
119,243
154,758
316,715
1047,252
1752,414
276,809
1433,397
1251,982
1220,485
1220,9
2398,408
220,757
728,316
1162,58
424,32
1461,677
1884,648
191,956
1697,562
1152,285
66,980
3030,663
176,740
1480,793
1346,515
317,314
230,637
844,618
1129,643
1506,1025
929,799
2713,684
325,397
25,805
1795,608
2933,1047
2481,1034
3,592
2201,655
179,741
1120,353
238,395
1137,228
302,655
2428,931
971,157
198,510
1669,590
13,231
109,852
578,1108
1601,815
1586,1021
1891,73
2510,628
13,948
1983,192
15,1109
649,679
669,1118
250,1061
295,564
1836,204
1088,728
2511,853
1239,834
1264,630
752,703
250,437
498,237
410,895
2693,1076
1245,876
1350,328
98,152
763,52
796,307
762,872
461,592
2575,712
1722,541
887,959
857,1079
1600,296
1341,798
1617,12
924,922
2293,65
1013,232
629,131
680,252
150,542
1684,723
678,1015
384,127
300,698
2706,648
2057,755
280,928
2836,680
1646,554
1619,746
2452,534
987,669
629,610
1347,17
1194,401
2221,951
31,953
829,627
1172,1072
2329,882
1419,76
2119,958
721,760
2931,132
118,771
2410,183
3694,453
986,831
689,150
409,106
425,589
792,696
930,1053
522,84
3140,846
199,991
1398,16
2518,255
2537,922
359,674
2135,1107
1023,913
677,567
976,1117
3103,861
260,718
2090,677
259,200
1120,34
2843,946
840,637
1758,507
475,822
1319,780
385,343
1185,293
2005,627
1267,847
1249,341
334,1094
2722,579
1168,1012
1410,922
260,844
397,462
627,966
883,1016
2963,377
497,151
275,916
1195,901
3206,800
1821,26
1241,136
2429,131
34,993
2037,243
1098,317
2951,63
51,692
1523,708
1904,82
2019,89
177,582
351,51
2391,253
497,824
1471,140
605,471
881,251
273,185
173,335
2339,1103
1765,203
1113,973
3,889
1803,968
636,857
2239,1080
9,603
1698,426
2336,405
1776,545
650,88
1099,151
1559,650
1865,429
3056,262
754,579
342,778
354,112
523,698
2488,1037
761,1057
2991,987
449,509
1842,836
2077,150
2,49
929,9
107,61
480,208
2281,453
2517,848
2297,730
269,98
1078,764
1391,648
1362,958
3097,19
1798,176
2195,15
23,176
311,198
795,765
1430,356
993,1063
2998,1065
1945,678
337,646
650,769
178,247
1008,759
257,189
544,130
2365,1002
127,330
515,712
615,410
1128,790
2116,433
2392,899
99,194
51,776
1311,242
881,636
432,569
3199,650
621,445
439,782
1874,583
66,921
23,1040
529,617
1013,474
349,288
415,492
1526,717
1469,348
1703,614
1494,858
131,263
1258,880
105,1015
2218,454
1293,26
2003,513
350,654
131,1035
617,785
817,404
2294,844
414,383
566,1083
308,168
2167,769
2515,317
10,609
1890,615
2031,1050
291,1015
1072,483
2549,44
0,225
2936,642
209,284
502,791
353,664
122,858
2236,1033
2716,37
834,362
1154,1023
2642,862
702,395
48,138
1149,1012
108,573
2008,30
2008,65
235,586
158,550
81,725
2754,430
3675,19
2349,805
224,251
58,758
649,1017
265,201
693,229
1710,492
1191,680
297,647
1902,112
2885,562
2596,122
2,369
547,1092
214,395
2628,343
929,625
935,672
310,170
543,278
265,269
1314,620
2976,906
242,53
3387,894
1103,214
579,546
340,613
1072,1113
432,240
1033,998
648,430
1259,325
1599,1000
1010,563
2550,344
89,665
2335,577
800,694
379,1106
517,523
16,563
289,290
737,489
914,817
466,293
1890,60
563,427
1967,759
1671,529
216,357
0,649
1461,123
224,689
2,569
1707,500
1725,284
851,389
1765,895
1381,371
41,862
521,15
1461,1028
40,1086
385,974
337,451
1008,59
1264,456
1372,54
425,687
60,833
323,107
348,628
3715,88
22,145
73,167
1985,537
29,887
792,452
604,705
2026,489
2971,803
1525,873
2402,1028
34,626
588,891
6,153
661,929
596,601
3247,998
379,311
2378,622
2656,115
1408,1073
2217,432
1577,473
748,395
1101,864
1436,859
196,934
255,639
1315,757
77,470
1233,633
143,780
1857,720
3204,1046
1099,202
115,31
1688,970
1184,158
1899,123
8,440
1886,1109
1782,544
2047,130
2057,918
1399,838
824,859
2689,1113
215,670
980,923
631,1077
327,541
2480,932
609,821
405,120
1233,423
398,351
675,760
1589,116
204,920
1391,903
1091,1046
733,300
1779,128
262,472
1518,140
2174,313
372,912
746,168
2820,1036
710,122
564,843
670,563
983,31
8,464
1844,150
1633,935
1536,447
3109,804
183,642
1778,610
2118,484
143,900
433,823
635,293
2082,597
321,933
263,613
1568,936
956,275
1130,416
7,179
709,47
1638,986
919,598
318,977
877,898
1529,259
297,618
2297,500
810,647
1412,285
1018,859
345,973
708,722
1755,898
1264,228
1532,817
2257,293
418,96
184,46
314,381
379,35
3259,874
979,1027
13,657
603,152
85,22
1905,754
348,494
1980,1041
1609,272
1153,699
3557,343
3205,1023
2384,223
1033,907
1198,988
2617,913
2667,155
1080,990
3202,1110
2,152
179,249
2184,993
629,354
238,57
1096,154
1350,445
1087,234
3137,769
1895,1075
1368,1047
746,1035
747,714
134,694
821,367
64,467
459,91
1277,555
1090,509
909,878
241,781
69,1031
763,77
1213,1070
4,622
1395,423
772,568
1376,327
1737,913
283,488
523,211
144,927
1253,866
72,378
692,686
100,294
1142,635
900,168
1533,498
2896,593
477,301
856,258
25,1027
1206,228
2107,898
2376,1033
3075,688
185,612
2128,288
2515,551
200,837
1238,100
590,940
1034,355
1226,11
1377,140
2773,775
1761,482
2793,952
1390,736
440,1115
853,210
448,103
107,503
1024,556
2273,450
897,764
3273,147
204,1011
123,108
1616,1022
179,1052
1020,303
2579,322
1585,979
147,748
1308,729
431,471
541,807
87,819
788,391
796,619
3270,392
1126,565
1844,397
2922,557
1720,633
81,789
190,1056
237,1015
208,975
512,230
1997,331
681,224
2189,717
294,211
493,436
1158,135
2887,693
180,649
1409,86
535,312
2827,287
166,487
238,398
1617,394
640,1102
1336,885
927,708
136,532
1790,934
455,751
1299,1046
1797,141
465,382
419,846
494,492
1895,886
2307,531
204,582
2778,691
0,469
1370,665
27,485
1640,1083
1553,958
273,132
378,389
604,1064
2291,529
194,14
1433,386
116,963
1080,543
256,1112
3196,187
2643,129
1277,320
1316,534
8,998
22,794
941,457
1660,214
148,984
1483,288
454,513
794,180
1846,149
20,243
647,213
1129,979
214,810
1855,119
254,678
1921,307
96,300
2839,581
1138,9
2901,35
343,74
1035,522
882,819
0,572
1415,607
1410,57
1140,745
77,659
480,815
763,56
497,548
447,726
1225,643
675,530
1197,794
1019,1085
327,344
242,1050
19,886
441,133
327,428
562,632
223,963
1532,1085
277,458
3489,653
278,286
302,641
769,373
2558,998
698,420
301,1025
629,211
435,744
1113,760
264,869
627,269
3429,467
1256,867
966,504
308,264
142,730
30,342
2108,481
522,837
1053,1072
305,81
1089,987
1560,277
878,611
124,333
1064,409
3207,539
2265,768
293,804
2369,568
905,174
2058,117
2375,294
2247,479
2267,353
2597,10
80,797
2127,383
1935,434
475,201
1004,279
779,634
1742,493
2193,362
284,224
565,796
550,447
711,485
868,1001
742,626
1586,590
328,433
1758,189
41,835
598,74
1128,582
1712,397
1215,197
0,143
1639,647
1019,820
133,96
66,942
375,165
508,1059
2541,296
639,443
2001,226
408,861
1845,897
40,407
153,195
1009,671
1975,443
446,428
1326,1044
1645,1058
309,448
506,1012
2030,911
406,371
1696,936
2391,913
228,110
832,513
239,60
2656,324
1194,221
350,466
147,67
1425,375
102,767
1849,532
530,59
1012,401
474,242
1240,775
824,209
473,612
44,71
22,1093
1618,963
2933,473
126,1104
450,340
2943,1068
1361,327
342,424
710,236
2329,650
1905,502
659,261
227,824
1576,726
773,655
393,61
1147,1027
182,9
1479,668
158,943
1027,790
1134,907
777,375
2059,274
1571,41
2849,506
321,992
331,753
2467,154
791,884
1273,466
2525,1086
589,349
40,412
950,601
281,580
212,561
1790,1081
566,591
239,836
1231,388
1336,576
225,762
802,74
2051,612
2045,257
2365,1076
557,835
334,1061
1413,449
1295,652
1946,1023
290,1105
2365,407
67,485
658,1025
582,698
959,22
1205,913
164,1089
212,27
2285,125
9,1019
74,999
3244,1114
785,312
92,1010
1816,984
614,1056
618,164
535,241
1003,935
60,63
2640,1113
2535,377
1426,916
1158,782
666,370
2490,284
692,26
2806,379
3589,511
87,934
2234,466
197,1037
1950,531
48,1080
2718,1037
1248,53
1805,96
737,214
1088,796
14,602
268,861
880,1037
327,152
755,108
850,1104
511,17
1563,197
1298,875
1021,473
927,156
782,395
2900,734
2519,539
823,1034
602,596
220,544
2281,788
251,566
2249,17
1837,795
2170,1059
292,170
775,233
1801,398
1075,399
833,244
714,773
1072,692
194,58
460,457
785,309
100,555
1523,225
2040,644
910,652
81,342
1063,586
486,141
9,362
309,331
2238,840
132,857
683,1038
355,965
1241,495
708,680
2069,1079
261,785
597,83
756,1022
2493,899
344,676
2729,752
3723,116
1684,52
3252,11
518,568
121,77
1314,607
736,88
989,728
577,645
2633,481
754,1001
1180,234
1263,57
543,694
765,967
1048,529
89,719
1061,1020
1438,1008
767,71
23,346
115,1021
788,615
142,926
2429,695
1268,1079
2724,697
1057,273
2246,1079
801,490
738,772
1798,1105
700,492
34,1116
2045,512
2955,334
184,1032
2905,985
2066,629
2432,287
1223,668
1526,723
37,1094
140,736
1611,388
2699,1066
1424,753
1455,206
2,430
1396,293
3268,182
292,1051
66,32
5,179
35,751
1712,813
1780,722
438,565
213,84
1191,680
5,95
1238,328
1540,423
732,74
831,854
1715,1088
599,249
882,918
278,64
77,678
1090,544
548,96
781,361
875,648
525,789
134,414
2913,55
183,154
495,1015
925,856
1781,181
2014,750
3604,601
3205,883
451,323
14,50
180,470
1354,777
1915,93
452,461
152,390
1133,257
2020,230
1164,27
920,76
664,557
98,1058
355,520
1917,1046
1838,88
223,256
192,978
1498,414
76,204
1800,1077
527,696
54,1086
1083,92
712,371
232,844
2655,52
2005,1005
1901,321
208,421
237,746
551,980
1047,311
362,21
141,740
1162,913
2131,786
1138,658
274,441
967,633
1266,169
2651,123
878,975
600,453
1838,208
71,718
2015,104
183,559
235,1028
568,324
3134,576
1704,569
3044,246
2394,488
4,31
198,152
2343,536
175,335
306,336
850,362
1061,671
2921,997
810,537
481,659
2174,819
520,818
136,414
465,107
52,293
519,226
468,64
316,1083
657,127
2335,508
2153,838
172,928
540,306
2172,980
29,451
1905,792
139,755
115,552
2506,764
1611,215
189,216
186,563
813,921
1712,210
286,259
1372,461
1074,770
189,273
2198,546
202,327
0,315
1518,295
135,444
820,713
154,1097
4,597
814,985
1010,162
125,186
467,198
1131,876
512,650
53,553
2572,620
402,286
1886,374
1508,1021
1234,849
18,879
2730,423
352,1072
124,349
1371,878
1767,842
2052,382
1951,576
177,447
548,700
639,825
17,692
930,1078
1024,324
1504,77
297,725
1232,267
67,950
1714,1119
1619,505
1667,1115
366,787
2645,652
1211,567
1424,766
2303,165
1987,98
728,367
839,673
711,246
2389,843
1577,1028
2766,1016
2970,265
935,920
983,487
233,899
798,393
788,350
633,462
1802,317
1352,562
1252,790
373,532
1734,914
1160,803
347,474
328,485
2657,21
3529,764
577,1030
2776,263
216,809
749,638
19,795
2139,955
244,186
453,190
180,859
524,1083
2302,16
2550,660
2864,452
998,750
636,399
372,117
1806,369
142,1108
1667,103
610,550
1512,910
1738,492
1307,461
385,943
390,759
935,931
2077,437
2351,214
382,1105
1855,490
626,367
423,525
1185,757
13,647
918,339
1468,737
278,362
1284,989
1105,470
1647,518
1638,1073
1816,828
389,966
522,465
1132,471
816,1057
249,820
1201,419
861,896
1569,1001
71,847
1468,867
1257,822
224,536
3,504
39,173
3000,544
195,1116
2201,1031
2015,1036
1718,1069
332,599
2203,975
982,605
1064,349
114,241
1568,770
64,789
2144,306
1343,379
3031,1033
1816,106
529,1027
1904,983
2132,432
1979,501
667,8
1748,973
1809,579
118,556
1662,963
77,139
1292,982
886,17
221,502
443,777
736,688
126,1021
1919,735
2036,106
924,683
1225,844
1493,375
402,931
160,488
2083,31
109,609
2381,462
406,430
646,238
750,524
165,899
369,429
2306,391
2023,544
172,1058
1028,1074
241,195
1302,592
140,417
1067,1072
733,953
270,465
679,375
1312,302
2071,86
104,916
591,44
1298,899
1359,707
1583,786
528,912
1014,384
1039,353
735,249
13,862
1512,394
1509,329
51,548
948,768
2954,1027
1622,573
2976,1033
1992,443
3217,897
2131,1012
37,733
1387,98
619,186
636,317
651,732
2271,1037
109,249
898,345
3202,97
1104,508
988,304
11,877
1221,919
998,476
751,861
23,165
1325,784
958,491
2677,529
156,546
1001,847
1702,266
1648,1046
497,378
2334,523
138,809
42,1035
59,213
1143,693
2225,392
1951,383
2133,800
240,62
1293,3
778,495
1474,1071
748,996
961,1038
574,710
1654,625
1421,659
2358,1099
1886,74
1115,338
934,596
256,822
288,956
1547,277
922,584
623,667
357,1028
1605,333
2438,262
865,318
603,333
1159,433
2823,367
350,1054
400,791
209,394
3022,501
47,1086
541,444
1198,237
121,553
726,752
2260,279
2133,1
0,476
70,204
2616,1109
106,148
2224,821
104,598
105,876
1788,711
152,477
667,598
105,28
1196,926
1525,34
384,292
2505,361
1642,1065
98,712
1776,347
1549,912
45,366
1257,21
401,778
84,792
2378,377
1800,436
917,350
1222,466
1581,153
1270,61
2461,1039
544,82
353,78
315,588
1946,253
549,484
3416,120
654,400
1674,507
358,1097
1695,770
1033,243
653,965
48,169
149,287
2133,645
111,380
1265,576
2385,385
98,963
1009,936
2383,878
2010,257
1576,1
879,63
505,165
2222,115
1432,1062
240,236
280,277
2142,712
903,125
800,159
8,265
1658,1028
2365,1067
2307,850
1885,645
257,1046
1186,1072
1347,100
35,497
250,857
3461,940
800,174
2593,600
2969,691
197,386
443,80
991,356
753,296
194,108
425,115
347,763
763,546
995,1082
700,215
32,736
1819,314
2419,1053
1033,446
1683,851
10,529
749,632
1594,688
2265,867
498,866
3426,1062
1058,603
307,861
1648,1052
282,452
608,82
2529,116
22,758
1641,762
2679,1013
588,361
1508,385
3504,125
2569,1039
143,217
602,937
1029,247
836,413
1827,476
271,859
127,70
427,234
1887,1046
324,257
128,1013
64,433
1327,390
129,119
893,129
1722,168
509,8
927,857
74,1016
2577,641
1357,822
1228,1058
67,696
869,575
990,137
1173,651
144,699
1129,372
3151,302
491,563
739,240
9,402
741,215
1220,62
26,187
267,912
1239,699
942,936
2464,605
1148,304
574,458
1590,378
733,693
250,904
1566,13
162,20
3341,480
147,995
1209,1085
3160,737
1189,321
2114,1118
36,336
2901,1028
84,954
895,293
1931,1086
2,893
1093,861
831,535
236,591
167,850
401,915
1648,122
2114,490
270,244
1586,613
863,692
1551,481
2043,984
2805,242
3014,967
189,418
308,553
1699,860
373,1076
2292,260
47,42
838,919
1786,231
48,994
234,1092
2211,691
22,49
2961,972
2883,374
257,826
580,200
2266,843
815,386
1645,483
2650,7
1169,1050
1392,65
1175,33
618,16
276,795
1049,1050
58,32
595,922
2132,854
294,509
354,601
1197,105
432,885
500,871
1282,674
497,1009
818,611
2499,160
624,218
958,627
171,941
2027,228
1677,137
1912,271
1552,384
2253,552
139,167
862,562
224,283
794,647
1216,462
209,476
3008,1101
554,636
1501,166
1094,636
374,631
3020,645
286,140
1680,945
73,658
634,351
1479,1063
1192,165
1911,1049
1451,428
1462,837
3003,9
704,22
201,706
90,282
70,536
1892,753
2944,211
2921,976
904,220
1126,150
766,959
614,1080
585,459
2249,878
3314,343
1029,917
2213,600
81,82
489,884
1027,475
396,1069
1211,483
1708,304
716,403
2661,1045
1047,254
498,926
1685,774
1571,288
14,944
447,1019
142,1071
415,369
281,613
754,183
1280,805
120,386
404,580
1110,493
1012,1050
1934,801
158,651
578,59
989,802
1490,577
670,405
58,1066
382,14
2712,360
2734,899
1286,896
260,1001
2141,611
2844,498
714,988
1046,460
1180,599
2942,40
1552,873
1766,551
59,307
369,622
2739,400
2921,282
65,656
702,75
621,256
21,894
18,128
429,33
1063,559
257,291
991,751
867,518
25,76
457,587
771,171
35,218
23,306
245,645
114,704
1931,375
1979,348
1906,981
854,584
2860,519
1227,429
1829,755
665,673
1312,439
1674,522
576,795
1479,856
1089,1075
1653,120
3236,41
2815,781
2148,1054
1608,915
2358,649
1978,147
414,104
71,1104
398,425
665,396
2767,192
1864,845
589,1063
1596,1061
1356,859
897,945
147,823
1923,477
219,262
20,1078
1552,646
1411,25
1204,28
331,315
296,592
1909,592
1708,763
1546,426
643,18
1116,398
3155,707
880,491
1121,1062
13,242
242,502
455,18
177,741
2055,1109
1374,561
374,933
3293,457
899,760
591,318
1727,481
1547,1092
624,177
211,258
257,962
751,1026
2103,968
1177,702
580,851
840,452
748,1044
220,923
11,110
310,48
946,1052
2096,520
4,917
525,532
818,11
1502,68
1963,252
1434,500
92,372
2134,625
1085,1045
2249,196
131,631
2703,366
534,329
1537,669
2467,770
523,976
389,602
2388,1043
27,622
297,83
556,954
120,967
1780,388
722,669
453,768
1845,358
172,923
1817,760
1513,237
734,584
1720,323
1852,463
1332,1032
458,478
1435,663
1200,1020
1427,72
3295,643
29,838
1126,338
2432,745
459,574
610,932
1291,883
42,60
1286,164
390,687
0,352
1553,733
351,666
612,968
328,791
2001,1060
1944,12
835,282
2312,780
3108,414
338,188
151,893
1851,751
923,389
137,883
136,540
2346,222
1049,332
2439,73
515,1114
1678,580
1176,51
275,101
1998,421
2439,864
783,188
227,10
2751,911
1187,531
1999,768
3,416
1145,628
741,145
2434,344
1157,185
1453,1011
1821,96
1342,472
2451,117
964,845
2023,914
713,415
476,628
89,872
1,901
1381,844
708,888
2156,1026
1805,849
313,176
1352,372
1892,984
1784,30
941,993
197,815
1074,942
992,712
1061,323
2266,740
1642,1022
2366,528
143,400
2422,594
126,454
495,630
1835,1116
2055,757
1242,674
138,253
2165,340
1146,1075
137,1097
1892,453
1045,482
1412,433
2607,389
1458,756
334,771
2719,573
723,145
267,156
591,770
154,629
258,905
555,1065
323,1018
653,116
373,336
18,380
250,638
3368,576
389,96
105,71
343,938
793,448
680,414
1834,102
2429,879
3544,20
2,434
173,393
2407,486
8,845
1644,634
1758,732
344,912
285,84
2876,1113
1007,23
89,41
416,334
8,951
572,723
323,606
1638,640
2594,112
3086,1115
567,723
1926,1048
67,1103
28,776
2540,295
1414,588
2301,692
2422,424
629,486
173,264
813,742
989,677
9,367
1369,205
848,503
1805,912
1402,494
1107,874
536,995
212,902
777,708
3415,891
2045,1030
2020,525
321,383
2128,298
103,567
407,884
2106,307
153,176
2937,1078
916,1090
962,635
642,393
1424,742
260,664
210,761
455,929
1341,198
339,405
1250,436
886,106
1021,466
2230,463
2103,1109
1203,458
1106,444
1850,947
457,871
719,503
1105,523
187,1008
746,235
457,314
1723,629
495,303
2559,777
2516,753
1356,453
553,413
142,909
781,603
398,283
859,97
1671,478
384,1006
112,801
886,156
2391,3
139,43
405,566
619,465
616,801
305,1033
335,343
2331,174
2205,155
704,776
2147,470
338,775
521,524
1190,70
722,721
2062,958
1071,1112
1957,697
241,39
3449,586
2839,191
170,565
2665,178
330,242
2458,943
212,687
274,1101
753,1043
41,702
1320,709
224,389
355,472
1863,940
2997,154
3487,390
667,1040
14,265
993,928
410,402
85,894
826,1031
853,109
761,1009
1617,237
425,742
490,111
2190,628
1619,226
57,585
854,545
0,742
2461,253
63,561
426,976
2425,54
2921,555
127,700
1641,757
239,563
428,655
2,581
543,709
872,89
3622,552
667,572
1937,33
45,788
2205,101
1715,384
905,887
1688,159
686,751
395,269
245,1109
1900,50
1301,876
155,1070
1288,1025
1208,183
844,83
43,1024
1891,50
3495,896
9,1082
2015,344
1983,991
1385,491
1771,170
185,886
960,172
42,108
1082,522
1257,232
1362,316
657,337
2201,743
584,147
388,330
2220,159
511,157
2507,478
721,23
225,658
2723,612
810,432
1779,690
793,1092
279,325
657,831
2786,988
2224,134
714,42
125,379
500,633
2322,585
2131,61
1418,811
619,18
3446,261
1736,803
729,83
1866,260
217,365
148,270
604,1000
2893,499
417,288
1659,1000
1147,891
2997,892
637,649
3635,499
734,359
218,732
2531,632
1279,890
1724,30
54,278
1325,957
527,802
1049,278
753,197
6,254
3287,976
1859,657
1399,1024
2099,266
1,122
1522,1072
2072,441
346,637
875,686
2510,256
86,523
320,263
1964,1015
343,921
967,412
633,645
270,525
508,1104
277,894
3150,217
700,332
906,282
1279,951
382,627
629,1
1940,936
2980,1024
599,421
712,142
194,946
490,985
1073,1107
78,21
341,921
2175,676
1221,743
1611,923
167,1097
1316,676
1916,215
270,897
507,316
1920,1087
1459,438
704,881
367,1055
2745,304
570,249
401,718
735,288
2780,960
545,919
924,433
643,1011
1007,862
243,778
839,1081
1433,977
2331,525
3030,607
2354,337
498,811
1546,997
982,439
777,805
163,856
192,263
1323,1052
1211,120
2816,455
125,889
584,636
47,1097
2323,329
1706,757
3349,1093
2204,332
1757,771
377,1068
1031,1087
1074,431
1345,554
2505,1071
740,790
2134,82
41,244
566,318
2455,962
968,661
977,897
1038,205
597,41
235,1058
572,417
1763,479
2927,518
395,537
3535,1107
2250,570
97,135
2043,277
18,819
43,578
844,695
618,315
2613,270
877,564
1358,498
647,454
2631,741
972,703
85,203
57,842
2558,256
1787,120
867,71
466,865
501,1015
61,868
115,50
320,212
842,990
244,767
1347,1008
3155,923
1584,69
1327,876
913,39
1355,1017
883,141
1790,232
2405,662
1447,517
1471,43
3342,398
414,1109
116,707
594,115
1079,76
924,250
1147,565
1335,802
703,937
824,393
1984,881
1034,280
1569,178
540,554
1864,327
1479,762
1073,854
486,812
1942,910
621,490
1690,432
450,1002
2257,66
985,568
67,578
605,674
729,7
3495,495
729,231
1547,120
1087,517
76,799
537,505
21,788
172,1081
1242,1084
1555,12
398,869
513,613
2417,260
309,124
2916,855
407,769
1047,429
416,921
499,521
3629,969
1681,105
2144,154
2951,154
899,573
2032,116
954,912
1682,708
305,218
125,963
952,240
1547,937
1641,1031
1880,584
28,754
2667,172
167,136
2096,423
82,912
2195,1095
2550,835
1438,213
1060,483
3013,951
766,411
1741,800
1392,818
193,436
3117,189
544,71
1226,763
1790,209
845,671
1819,597
425,741
341,839
1365,455
1892,451
14,368
281,927
1903,258
845,100
2581,923
2465,201
984,1008
517,627
132,809
1157,1015
434,1035
1790,935
2885,447
2246,103
86,278
154,512
342,727
2415,899
596,1086
465,471
2986,633
3457,634
1753,723
1148,535
1941,897
3003,576
1920,841
551,1072
1672,683
244,81
566,931
156,984
1821,622
1600,632
1410,367
935,1060
1616,581
139,115
711,741
3251,848
1798,797
1113,659
1333,745
1285,319
334,407
2019,458
1187,112
839,660
2,404
564,855
357,734
12,196
553,98
791,28
1819,348
1574,476
1444,609
1966,100
1373,987
505,43
633,253
730,1112
212,408
1492,773
473,587
2196,436
304,902
486,605
2778,741
1684,177
48,425
284,53
474,595
540,355
1413,643
1038,562
1585,362
643,495
1057,737
836,816
2158,661
300,404
368,1084
849,873
610,106
2571,1098
1193,318
1356,512
2843,708
728,739
1051,196
581,72
94,597
225,969
896,210
1219,789
1800,77
454,551
3296,980
2818,627
2692,413
265,235
2404,180
397,581
2384,302
2214,1113
1890,437
272,159
2063,726
1836,759
3434,741
198,350
1619,123
1085,728
63,558
3432,33
3567,974
75,472
108,212
1786,481
1255,461
2952,487
1067,977
1501,677
1908,656
2743,429
882,748
1047,871
254,650
317,146
354,616
802,935
563,758
1658,270
1306,391
1681,379
64,130
479,205
556,1021
1537,387
987,115
690,479
2270,316
1509,321
966,1076
1532,12
171,1040
1952,704
1323,60
439,471
1775,365
2077,867
2426,629
3,191
3354,891
360,572
1399,25
1751,586
170,397
275,453
983,329
2921,3
209,381
1760,1106
2181,784
609,111
3114,1093
213,457
791,380
637,499
3,346
1040,1099
2887,1009
1176,673
1502,849
2157,258
1085,639
2991,836
578,228
102,241
3283,571
2743,967
520,1021
422,841
1884,643
1950,640
266,669
7,310
1129,290
326,827
808,385
724,592
805,634
3316,968
2060,1032
1781,1030
1562,463
463,116
181,184
1453,913
525,691
859,552
59,664
1087,75
1525,836
7,236
307,398
3370,867
1374,556
685,185
917,1073
1110,463
59,999
90,873
317,214
1270,476
2697,258
724,1119
496,125
3051,797
558,679
522,135
1191,346
2406,610
2382,870
1049,850
523,1088
2718,567
344,800
3078,929
3333,397
622,1062
17,1033
826,532
420,539
1940,107
2258,342
1231,227
898,323
294,924
801,509
11,668
312,81
1079,163
595,341
229,591
2597,576
1719,713
9,553
1378,1119
200,1108
76,182
1118,563
1289,114
2107,1042
641,685
408,389
457,287
37,1090
2451,562
1402,1075
118,27
903,904
344,182
2500,173
1935,921
1854,31
520,758
1279,1117
33,451
564,703
418,387
202,902
2035,1034
9,607
1192,355
1065,622
2501,1101
43,146
910,628
2634,874
520,1081
1277,429
1952,860
2096,959
2261,290
535,658
125,715
1406,166
765,1038
432,840
1192,113
1579,1096
213,29
112,984
3436,490
497,1114
1129,1032
1128,335
2277,65
2092,191
1417,345
1065,628
437,761
514,1010
1012,975
891,537
198,661
2178,1024
551,838
1918,584
82,915
403,868
1983,359
137,469
278,221
118,1079
29,834
3151,808
2494,868
790,831
2738,162
925,533
116,397
124,593
952,88
442,79
441,357
1634,563
974,10
1298,168
169,65
2244,551
1608,687
2672,930
2691,892
3016,509
379,56
539,889
1458,248
1249,303
547,85
69,69
82,706
2165,1059
1176,557
593,379
1320,122
8,601
184,862
421,774
648,623
90,1096
1132,564
2015,99
17,869
602,397
284,699
876,60
1760,1118
2401,118
1099,1004
316,1018
1345,101
1475,236
306,933
1713,373
2034,468
180,1108
394,536
292,854
392,1031
134,84
1769,971
427,799
722,891
1294,1039
699,856
49,213
2284,987
11,896
1037,96
1489,210
1233,355
1888,573
373,1076
1101,129
2930,154
1295,786
1804,329
705,133
148,150
1767,695
1282,298
1858,341
2667,244
157,54
9,550
1967,670
1415,247
601,651
1425,766
830,55
1612,1104
1612,379
1163,1097
833,839
848,816
1069,561
1087,980
1478,1100
48,526
29,17
1537,559
2785,292
183,1005
622,226
2757,812
3206,142
2564,597
1272,729
1310,382
11,75
2439,19
1396,1059
164,692
73,1108
122,843
395,390
976,1017
379,339
2248,1022
1442,880
737,233
343,993
1627,1076
1150,752
2215,1066
73,1068
735,871
458,729
2491,635
1062,930
877,413
135,723
379,842
1439,6
558,702
100,775
2977,849
2670,73
1673,267
453,538
958,483
2397,421
1352,315
2421,111
1655,1063
1883,175
1292,644
872,479
390,446
1374,522
223,1086
2789,668
973,79
3362,900
77,333
492,196
141,708
1698,576
1194,659
889,24
1679,543
2095,433
789,214
1939,820
2915,114
1192,705
1809,797
2268,765
1225,676
1368,76
2522,985
1747,202
1053,829
774,400
1381,771
1876,148
1875,383
3136,147
1530,220
147,405
900,970
293,411
84,819
2389,66
1014,1106
592,777
2640,339
999,922
849,522
1373,1054
197,825
366,149
1573,786
76,642
2255,135
107,6
443,497
900,248
119,511
1022,184
2542,1112
1237,611
930,452
2007,370
440,635
119,659
1837,660
762,918
459,1081
295,132
587,558
1764,916
2269,6
575,119
102,11
466,595
2807,828
635,360
1,38
2003,815
446,671
1918,231
746,392
1947,776
181,178
522,825
903,181
22,161
126,829
60,393
223,564
437,772
1208,604
2382,733
178,226
551,810
1729,724
3036,445
2072,79
3575,857
1,1083
2879,883
71,181
1424,180
894,184
195,240
11,717
525,787
2256,1032
978,665
283,1057
1405,624
0,955
225,1038
1470,216
1190,247
0,228
216,820
1339,867
505,705
3236,745
2979,899
130,979
212,262
2405,1080
411,599
1524,728
2842,366
41,335
1915,546
1298,584
336,11
1316,461
839,493
613,172
1503,313
3,719
1378,667
691,811
158,865
1827,282
320,114
299,807
101,415
1849,776
2455,166
2638,186
1510,859
3223,901
1883,413
2913,202
876,143
1088,327
714,396
994,1028
1231,278
1488,899
350,538
2086,697
207,818
215,534
385,366
1518,342
40,183
636,147
466,1034
1398,452
95,1090
897,719
165,717
126,1066
898,679
711,1064
2000,502
2826,269
2021,581
581,473
856,829
287,1066
536,1081
372,221
1217,110
1089,220
2889,408
2246,657
675,624
1229,340
240,451
1917,14
1796,184
2473,620
1789,737
1350,193
291,388
2119,261
1010,712
1200,552
2225,291
24,256
2958,842
396,405
1388,74
1577,361
335,729
1155,897
2447,65
2245,174
1647,612
661,674
250,300
200,739
408,288
1291,337
1642,7
1462,783
1082,805
38,897
659,961
2802,855
153,583
1022,582
237,843
3002,1055
2257,429
1886,654
1507,348
1405,802
1147,808
1523,387
2298,799
188,576
1314,448
138,657
510,745
3028,739
756,733
742,788
1104,812
649,32
421,1010
550,749
1276,526
3485,632
1659,402
773,612
2985,603
376,575
35,808
98,322
1411,523
1712,1085
2819,169
46,342
2304,829
1136,543
1437,430
108,12
133,192
1689,633
1931,1018
2941,290
1144,56
1166,113
1129,295
958,569
458,1097
411,1096
2880,346
553,408
723,926
1974,266
1759,440
1274,895
235,1072
173,846
229,96
3011,630
1115,873
239,694
1377,78
86,281
488,853
92,557
624,450
552,204
244,465
2187,503
3123,1109
22,612
650,209
259,757
3657,210
1172,422
2208,641
1663,415
93,649
1308,905
38,740
10,816
420,260
179,1006
283,900
343,961
1081,966
2824,42
2468,906
655,137
1456,392
1475,935
1711,748
1241,230
630,532
1839,633
755,887
935,554
3158,255
744,558
2380,511
2286,57
2912,386
2534,875
112,632
914,994
2269,148
97,949
702,70
958,45
445,905
2679,440
1900,684
351,779
559,612
417,287
1655,1008
439,143
220,918
408,617
2315,238
2603,723
259,682
522,946
1619,142
1568,829
828,84
36,519
920,258
1359,46
2397,365
424,257
1173,584
1454,37
280,506
2705,356
697,879
1469,921
347,1075
2370,104
1040,211
1786,989
374,648
1269,483
1509,831
183,384
1064,517
1341,1040
101,926
1646,469
1362,2
395,1065
23,480
2198,26
1939,796
2482,399
986,29
889,838
1022,1114
341,872
295,710
1379,1015
3633,669
1448,904
689,574
707,143
199,331
476,788
739,883
61,940
460,571
2044,1010
2812,1115
871,287
1569,446
1341,686
1984,234
151,17
917,204
915,346
586,545
1373,760
2017,996
545,999
1279,253
105,559
1502,398
1459,445
680,463
806,1095
3553,745
565,1046
143,726
1547,947
1104,535
567,1011
1280,508
250,1017
698,4
923,1013
1324,945
2675,1073
638,191
2544,1094
261,537
2790,65
95,706
1047,544
2,126
995,364
2039,698
2060,623
3234,4
41,116
699,389
282,107
2993,145
330,424
2336,66
75,312
961,210
974,222
1701,492
465,453
1155,71
2396,691
1232,934
1299,1034
98,772
180,746
1668,888
1721,855
774,781
1501,657
230,310
1757,1014
403,29
1652,15
1496,46
153,966
1816,262
146,931
160,418
2644,212
2596,506
952,728
2368,668
1917,848
182,0
807,999
49,505
2091,630
1970,68
683,990
645,381
1958,259
3561,27
21,471
1368,888
744,273
1799,1049
55,370
434,791
1238,971
2531,208
633,773
464,669
160,807
195,494
423,231
629,593
1987,512
24,653
264,1087
776,513
2824,805
531,415
2572,353
108,135
1967,872
82,494
3454,842
500,218
122,467
533,468
2447,61
2736,1107
383,885
283,1023
1413,723
2550,641
635,1083
14,197
1891,78
662,511
952,827
1148,521
1281,406
1528,249
1526,219
529,889
2400,102
2945,1008
123,455
1632,272
1216,257
2058,835
1167,557
294,874
124,718
1611,43
237,748
908,565
480,914
2757,946
488,1081
1507,97
403,708
652,864
658,75
776,419
1460,220
1453,999
665,304
85,766
2398,68
2234,131
265,344
2,450
1101,826
2377,950
59,36
1302,328
176,127
6,935
754,709
1833,404
1282,132
773,369
383,1061
1631,26
2871,1084
120,150
11,497
1534,968
955,712
432,952
856,687
22,371
551,676
481,726
258,167
785,959
1,676
2072,467
2925,851
302,558
104,809
1247,492
1724,429
554,999
3408,594
1014,633
135,543
1373,47
338,785
1999,1000
219,377
2870,291
298,638
42,978
102,858
706,701
2663,411
1703,56
332,1010
2589,87
589,962
170,793
1234,574
636,450
1002,594
671,85
2144,922
3154,271
316,779
1584,494
2711,1038
514,102
1735,221
2268,778
261,490
396,1088
662,100
218,553
1645,950
129,575
2006,1046
1223,812
2003,23
3176,12
1078,2
982,999
3587,942
1359,635
2485,902
2510,502
1092,886
1890,590
1692,777
344,269
169,91
541,208
2787,731
2360,1087
645,242
279,441
264,96
1811,1020
1168,737
342,38
117,293
1430,390
1065,634
2650,1013
567,915
1514,305
169,982
1621,282
1543,157
132,542
1361,1096
274,1006
2881,138
71,321
334,815
784,755
803,574
367,242
704,563
1036,109
2367,398
142,844
122,604
14,161
882,1083
747,566
58,342
1831,126
605,233
565,440
35,1084
1962,673
224,677
10,1109
1819,208
1781,596
522,193
913,3
333,261
1410,846
2030,590
414,322
2085,1070
132,487
3084,955
2337,597
4,746
585,234
1142,536
56,128
127,707
1347,260
544,1074
630,670
1907,389
1226,537
1264,809
1268,645
581,1103
551,151
1763,1057
739,985
3097,663
2461,452
3014,1023
715,819
223,392
577,690
4,4
939,138
2113,126
333,921
64,556
3667,33
1116,336
1422,482
1439,294
820,1044
2107,363
128,415
1556,704
8,1023
1103,1114
1872,775
2192,39
2566,974
1856,448
601,806
1602,515
1851,415
976,596
840,554
817,623
1779,900
410,605
1209,747
1692,546
594,332
672,1009
319,639
127,628
110,508
1898,196
880,86
1788,904
1814,981
493,720
718,737
2500,907
274,172
1559,1043
362,170
2463,950
1101,315
1412,1022
442,26
2,130
711,980
890,24
1310,1108
2005,632
1496,890
166,489
270,895
639,1046
1382,492
2440,952
858,1047
959,66
139,444
633,514
814,263
1710,376
2629,739
410,957
3355,916
267,608
691,689
62,564
949,376
64,753
522,782
975,585
1372,298
98,26
1021,248
299,162
3119,239
1813,246
768,18
1286,798
384,300
3144,232
730,612
1268,901
484,546
2559,140
313,806
132,59
2210,878
629,101
2375,463
155,871
171,343
1012,834
1604,330
757,33
943,932
2421,920
456,1035
228,1087
1003,790
1791,48
334,48
331,783
75,402
186,857
2795,114
413,766
2556,159
417,372
1703,638
755,742
1091,198
523,3
1116,86
61,144
2394,547
1154,902
1050,1116
259,1037
1404,940
2048,1111
2436,630
653,250
1649,993
843,325
128,300
1793,714
1917,73
202,937
1035,733
2700,1117
694,412
805,31
329,428
3625,369
1139,512
1068,413
2894,483
3214,476
325,264
1171,319
1074,885
1642,246
2922,867
122,1043
686,246
846,357
1198,219
202,295
2246,554
221,812
306,207
546,926
36,895
1903,51
1009,661
262,143
1757,158
1304,198
689,588
1370,266
1373,1039
954,705
1031,1024
1606,956
3111,888
2340,45
619,453
234,478
251,204
18,243
1437,919
464,186
135,634
1631,305
3146,422
1493,81
1365,76
662,432
1114,467
924,517
2416,456
2221,655
1091,292
5,489
2369,597
774,1071
558,848
1615,666
494,612
120,1032
622,446
983,1112
121,590
236,940
408,982
424,300
319,837
436,183
746,429
2549,784
684,158
2371,205
2395,461
412,533
3293,956
1678,905
119,487
434,771
96,27
478,690
881,808
760,735
215,315
315,487
158,86
2130,922
3534,784
417,889
268,76
133,610
1317,435
205,193
519,572
995,523
2020,501
1475,541
317,841
1662,1027
898,471
538,818
373,255
1370,121
1580,781
2684,811
2488,886
173,222
259,736
1726,425
2191,876
1455,498
2813,4
511,428
1280,380
1224,913
1451,136
977,455
2428,944
1676,640
1975,824
2288,990
2084,117
2087,304
1067,969
92,628
822,554
648,710
178,489
9,1106
1602,36
462,1082
975,903
56,349
139,689
2591,356
711,980
1336,704
1843,357
2693,56
362,589
101,797
2045,382
2166,80
1117,54
823,37
127,901
1021,109
2693,672
447,1035
105,0
1561,932
279,140
906,108
87,518
461,1087
30,975
1529,965
240,41
1410,862
392,508
176,1100
191,529
1280,617
1729,1113
863,438
1690,498
191,302
2230,133
192,23
1474,30
1299,955
1624,7
1729,1081
1458,331
1469,8
988,842
203,445
157,484
1783,400
949,114
53,1022
83,774
87,376
1986,16
128,1038
2556,201
2488,702
1076,751
1818,741
1363,295
2304,679
1686,189
703,181
2013,552
358,789
1682,942
3002,409
355,745
2604,20
2148,558
1014,817
403,238
2025,1073
195,370
2487,220
194,1065
258,61
1971,1039
1422,53
1455,108
258,462
684,708
512,674
572,935
1660,579
848,818
2520,867
58,898
566,144
63,1004
216,171
212,573
1312,1019
1500,264
2359,110
1322,569
585,88
1198,221
258,1104
1996,394
1691,33
186,941
410,440
1056,722
798,960
466,448
234,74
2588,6
1241,982
1372,960
1157,6
3023,812
83,151
772,368
309,134
72,1005
885,797
104,802
386,232
1799,684
549,409
1242,321
1399,1101
242,713
1301,530
1024,230
1025,891
2287,28
1356,586
1104,25
2314,32
329,634
215,773
24,167
545,946
183,1003
63,818
1209,896
710,765
1643,289
1253,188
2426,320
8,498
1022,175
277,426
403,471
6,836
5,952
2340,42
2509,573
1297,981
2351,15
2402,769
1858,517
745,885
59,972
693,556
333,526
395,242
834,956
2083,1001
71,251
937,683
693,1057
2324,179
189,1117
1836,699
122,722
92,401
2277,954
1274,412
1114,4
1210,779
2431,361
1871,1060
224,937
844,963
593,668
2504,355
941,728
1339,801
1984,474
906,324
146,915
1264,701
722,189
497,288
2576,1052
210,547
3275,683
2249,351
756,852
3084,723
467,181
910,120
472,496
3031,332
1420,557
3736,649
200,141
155,155
289,721
375,703
1176,380
257,727
795,795
2819,851
719,1090
1985,595
1637,1088
12,747
1816,131
131,886
1463,1054
942,321
681,615
639,237
277,119
0,361
7,500
1501,723
1586,173
1688,208
1048,1117
1020,819
1251,1002
1764,23
273,246
363,624
2568,402
3,744
2307,880
2841,126
2043,312
62,726
100,400
133,1118
1522,1064
316,1109
644,133
3095,966
139,679
63,443
696,385
91,936
3024,346
3,340
86,868
473,1042
117,977
1,765
1600,522
213,589
1718,662
889,811
676,285
1715,406
265,251
852,324
1188,1075
1703,369
606,848
939,897
271,226
696,1108
1298,35
484,583
710,365
1104,615
1323,477
2700,893
3382,522
2723,900
1321,500
223,346
476,503
660,687
999,260
22,224
686,805
3152,849
1642,940
2037,1116
249,927
640,40
1220,849
870,853
1645,79
1441,477
814,298
166,281
723,287
388,211
13,38
878,656
1506,368
657,733
1986,873
3532,878
2430,949
920,747
3139,23
452,333
2027,1102
358,113
596,535
1369,532
45,303
58,744
2401,380
1441,1061
2287,182
1803,536
2003,261
1439,407
2303,1118
1477,1055
2427,171
1364,1038
1368,506
53,981
89,545
860,222
1611,375
32,1085
1549,52
739,621
2233,147
74,938
634,199
1518,916
3381,845
1957,874
1391,342
3182,795
871,1047
2732,646
830,609
1415,326
1119,940
155,401
56,1024
1508,193
2435,754
226,325
902,896
645,717
1358,641
1772,595
284,13
1776,1084
1705,907
452,696
608,197
1951,423
1102,858
264,506
10,742
920,576
1046,1025
3377,979
438,298
2523,277
1107,14
228,876
26,596
88,943
226,229
1079,559
90,1115
1244,609
346,913
1863,215
125,463
70,288
461,620
465,963
91,546
1707,266
324,959
378,176
745,28
1500,520
2103,1067
21,135
2162,47
1346,893
1720,889
448,372
2992,111
316,84
120,108
660,294
394,708
2706,256
1761,620
390,940
905,299
296,639
555,479
552,367
0,1064
87,315
367,460
1064,722
1128,104
1123,309
3663,51
68,59
478,1060
296,603
2062,294
1941,714
2880,403
1234,572
3042,168
1975,105
810,911
807,644
3127,743
1400,951
438,155
2692,542
59,1083
2938,1027
458,872
1340,320
2207,599
3149,501
203,860
674,1038
1410,676
541,358
53,446
494,929
1016,418
2782,1015
50,269
850,844
1614,469
1655,734
335,1002
2519,106
1182,1028
654,285
1495,387
63,578
671,731
1741,1053
3306,33
743,172
859,780
692,1098
1151,662
479,343
2086,1082
262,197
475,226
190,168
1234,401
2929,848
1306,725
0,857
34,1026
1557,45
369,53
281,304
1734,752
574,445
1115,670
2049,1022
1810,739
64,864
890,966
3199,54
1976,668
848,1090
444,430
812,460
2195,276
1388,253
465,195
2565,1020
516,686
973,314
567,1072
2851,187
150,168
92,263
480,324
3011,132
1391,745
38,849
3002,364
415,949
3410,920
1674,852
288,939
283,101
1997,15
159,322
105,717
91,952
274,1005
1743,1068
3709,498
88,142
5,387
704,600
1787,575
2136,95
1145,696
184,953
2152,532
414,227
21,152
3145,240
386,220
14,830
496,95
9,207
1536,6
266,41
2421,669
890,163
194,674
2224,514
3331,615
1045,665
427,727
2082,479
1723,455
1852,721
1532,53
1178,141
3279,483
1162,163
407,511
133,67
177,756
134,835
1472,278
183,781
1036,769
2011,102
403,563
255,248
2686,385
58,1007
538,41
169,999
2521,386
605,397
1980,80
47,154
874,595
1106,426
1655,693
351,808
120,375
327,79
861,515
1168,102
2925,335
172,522
2462,52
1484,686
935,242
3229,629
1776,359
433,185
2393,473
451,649
894,969
1642,566
433,830
134,507
1150,915
1758,747
193,470
1838,429
1395,232
2954,770
957,514
620,190
1127,677
1630,53
1603,695
169,486
70,630
709,631
299,780
1765,1076
1016,56
2444,287
653,194
1678,129
467,211
1,138
848,1059
237,577
548,346
2075,298
547,13
1,200
990,525
158,721
284,937
2314,174
730,892
1801,140
1226,866
3041,357
1186,956
187,877
584,577
1066,381
160,137
1324,1071
109,575
2273,917
15,888
270,477
1086,778
171,696
121,1108
1420,1070
118,335
3,772
1390,211
2291,580
722,761
1536,642
117,432
83,136
2239,810
607,772
886,218
2355,113
1131,17
1564,646
841,188
2809,171
459,880
2324,225
983,102
540,1031
13,106
625,237
1343,480
3032,945
3003,347
2719,474
1332,741
105,765
406,837
298,369
196,227
2526,12
2013,400
713,894
2918,627
1792,281
1531,1024
974,1009
173,534
325,276
2754,384
181,38
560,341
2661,1023
867,352
805,887
344,160
1720,67
2535,113
1747,772
1131,330
141,457
707,221
1913,7
15,654
503,235
3389,517
1841,639
204,66
2711,548
434,299
1111,235
610,694
2495,401
328,995
1742,554
1159,1037
75,277
65,112
23,152
1119,924
939,552
185,171
810,241
65,569
2329,120
550,863
595,792
2378,494
281,261
2292,118
107,531
89,929
348,871
1733,580
633,1078
1488,254
274,997
1218,726
1225,8
44,197
977,29
2833,670
2420,639
624,863
1952,627
350,367
659,468
2373,957
571,655
211,1066
59,364
1902,268
286,336
737,318
2180,315
2816,253
561,768
1652,248
2356,529
1121,124
685,275
1610,627
1327,995
60,167
2257,743
2130,508
1742,24
141,703
195,46
1128,972
2491,318
104,933
1650,135
1838,840
1484,401
1557,594
313,739
617,1108
1125,439
1273,258
1697,905
215,917
1427,299
1097,167
573,660
435,462
27,402
831,716
85,475
991,680
1212,971
786,574
797,909
6,687
2964,202
1060,227
485,80
421,448
2128,395
1827,244
469,1049
130,533
362,861
2951,734
54,771
3117,439
140,875
563,731
475,399
208,217
2828,347
1916,558
2106,769
2911,1103
165,704
916,846
479,248
582,453
474,583
529,751
763,699
462,759
78,368
1300,511
1153,1001
3141,290
1361,815
3349,815
2705,132
1065,863
676,572
331,527
3,436
964,988
2413,128
1836,56
433,209
1436,314
207,928
3458,209
1232,514
1491,64
569,1036
2749,991
1723,137
1081,371
1168,865
653,658
2546,345
1529,565
2085,10
378,279
2380,953
455,448
1948,179
47,1003
1019,498
328,102
1899,984
2994,1068
2825,485
1516,204
2067,684
807,507
2707,277
1894,833
497,633
1146,1110
2898,287
572,937
392,58
128,918
664,335
615,653
310,1073
288,301
766,57
2151,53
80,131
231,214
2005,496
445,723
2378,316
23,1034
79,879
903,759
335,986
339,625
3388,1007
646,349
367,821
3454,126
539,558
610,211
302,106
420,774
2500,921
2082,1027
1391,450
4,751
36,752
12,255
2035,1019
774,355
151,140
41,98
1515,738
1431,629
13,111
500,836
2,916
724,423
1081,694
502,319
289,705
1684,57
1040,724
1430,1069
26,567
1145,78
1582,611
18,1090
1041,615
944,406
1702,1009
1884,687
2912,450
2450,1050
901,768
914,85
225,127
2227,837
25,630
1285,416
1849,369
775,140
372,1082
1167,501
1765,905
552,133
1575,935
220,658
1896,431
2153,176
64,429
397,376
1876,711
3435,405
1933,1043
2213,888
1768,5
1109,39
22,80
970,471
2712,970
1545,606
1782,523
3645,71
238,378
865,222
2088,217
81,961
434,1030
428,781
33,408
1162,53
3150,903
189,194
773,1040
1273,818
457,260
449,1039
0,207
471,523
1466,668
999,1005
3039,950
797,142
794,744
3116,385
744,180
3052,665
623,1073
1670,779
62,288
1489,558
1758,640
123,854
1002,630
2754,920
164,1071
1761,527
2225,271
3398,771
908,432
2329,642
2230,618
1832,210
1766,157
1756,97
1046,115
424,384
519,314
977,329
23,639
1157,802
572,1018
1634,1039
190,202
328,350
76,324
1070,1020
1692,803
991,317
1169,456
1011,379
956,433
144,299
2427,883
1325,43
0,682
1128,776
294,117
804,630
107,441
2834,102
1710,963
2477,491
359,553
419,843
34,442
1633,307
2829,1017
1883,56
1290,1098
3202,1081
699,1059
3261,288
1731,460
769,161
2240,62
2431,894
1867,378
1696,153
144,1115
524,821
1691,171
290,17
1825,617
186,374
1455,849
321,1109
194,143
1158,635
1129,21
2062,634
128,742
524,68
2609,540
2826,1113
2535,736
3069,722
74,398
1960,958
813,539
1162,444
592,1015
629,240
36,258
1103,881
3290,841
198,94
1937,35
1685,996
47,683
730,698
1292,33
1919,484
227,1083
379,791
1418,522
86,418
506,217
2948,1118
786,226
30,251
618,686
749,1073
1834,110
2140,547
1299,716
903,481
2047,536
2684,629
1,961
175,508
86,940
2194,978
1172,1112
358,527
1704,1018
382,913
288,400
430,900
1066,351
1788,1080
728,705
273,773
3001,385
1954,705
615,482
3570,870
2489,151
661,907
969,1117
1326,276
2383,675
184,614
1324,651
25,843
2513,201
1408,600
526,37
571,529
1091,309
1017,685
552,446
1328,332
3619,605
2787,421
2556,749
47,330
925,484
0,694
1352,294
104,61
174,241
963,942
824,233
1138,354
193,145
557,697
573,430
1309,228
1008,240
1482,980
832,858
1912,52
215,361
992,814
1747,361
1397,82
570,437
3199,920
65,652
425,803
467,266
295,166
2354,394
690,359
1684,691
14,721
865,294
903,369
587,149
2470,825
662,454
1038,660
1689,410
2159,510
2165,23
1235,590
3089,92
689,135
1359,121
198,407
1113,875
1029,534
493,385
1085,715
1011,241
667,1001
1931,643
1246,586
658,691
1261,61
1495,975
655,544
139,408
1408,852
395,511
101,627
1372,296
1582,479
3413,375
648,456
1745,372
1162,176
3395,391
258,875
2371,1024
642,18
2821,895
498,1094
1799,616
842,333
339,1021
628,304
2080,365
1982,822
823,300
1571,779
834,976
1077,128
2013,413
477,8
1591,608
209,603
935,1047
171,726
3481,808
45,1103
366,535
1313,902
2548,189
395,1005
232,823
901,813
2238,285
574,45
1812,244
1632,510
2318,738
3416,427
270,926
455,369
926,383
1918,494
617,310
87,1018
587,134
114,507
2670,894
1516,185
2540,365
1728,845
682,601
1049,515
2519,152
160,545
1337,1031
29,1056
1839,273
1651,237
26,575
511,546
378,940
2206,603
231,689
1092,992
0,9
1367,294
135,226
2597,875
763,331
3514,594
754,739
526,569
1923,58
540,592
669,435
1425,385
2732,724
2658,934
341,1050
1448,580
817,261
158,556
1325,908
550,540
1292,717
573,910
2851,463
2785,270
1097,535
3690,627
2817,1105
830,972
760,375
1377,1061
221,966
529,545
286,408
2431,593
3406,697
826,103
1086,302
1601,1031
441,869
445,347
30,356
0,573
901,15
1105,851
1811,641
1201,4
812,777
3312,792
2157,746
1635,876
284,377
1447,1088
1488,433
171,1069
1651,1108
1141,164
71,831
238,702
1931,114
620,270
1598,625
1375,685
52,1024
739,891
240,604
484,263
1012,609
618,434
1237,824
1477,240
2674,235
1233,898
1317,662
721,827
1347,149
1014,327
150,247
388,342
1025,215
2323,385
90,20
674,971
2423,715
1709,212
1643,903
125,1105
817,973
305,388
381,757
2167,795
2845,233
1163,986
379,752
1347,1113
230,397
1852,990
1247,163
721,717
429,1091
313,938
3402,859
1277,809
5,555
967,595
3597,267
376,1113
636,213
1323,183
548,670
3064,365
564,389
16,242
985,11
1090,28
479,563
1781,924
1352,25
1561,714
967,1071
9,356
2243,1027
185,114
2028,834
56,32
482,62
2620,8
1047,21
1774,851
403,695
487,227
733,33
2994,279
692,182
2757,471
606,434
1068,175
1341,191
87,399
2241,561
1099,550
651,292
75,193
1280,744
385,755
74,1066
171,150
1709,746
158,635
1485,584
3313,984
1917,301
125,42
1705,367
858,834
2683,31
430,331
152,1050
1851,481
2997,1065
245,308
2056,48
978,95
1952,267
4,402
2030,1096
714,602
55,570
123,209
1879,966
869,499
103,750
1771,979
1402,457
1923,235
333,353
757,694
1811,946
1966,270
1908,606
1958,29
4,417
835,979
2827,389
1218,993
14,25
1173,123
1365,139
1739,391
841,718
14,806
2212,416
1581,267
603,668
615,958
1750,186
830,730
1619,46
2070,844
182,802
1055,438
2200,1052
2173,556
3358,915
136,112
510,419
41,572
1672,858
32,806
17,261
254,732
861,1086
16,466
1916,253
507,763
1931,423
905,980
1428,535
731,515
2609,251
1354,855
314,427
623,762
1494,940
1110,986
2131,890
1481,13
41,30
967,86
865,334
842,176
1132,576
674,231
304,934
72,378
193,790
1133,605
886,94
166,828
2043,353
29,737
119,241
801,147
532,965
188,480
12,1061
261,45
318,398
2057,560
403,1103
478,350
2414,35
3261,60
365,993
1225,435
173,255
2278,524
2321,1083
191,23
34,689
13,247
720,930
1655,456
1489,733
1461,100
1763,759
3278,589
126,249
2250,879
1024,1061
890,801
1201,586
544,981
1715,881
466,541
832,316
1978,699
1896,676
0,326
798,454
361,939
179,213
584,839
284,1032
2046,747
413,174
1569,546
228,344
1152,703
15,81
1331,869
1178,18
497,841
1938,967
2239,749
549,975
1426,1026
772,1092
1980,416
149,420
34,906
50,360
127,1088
2555,124
1868,184
152,751
131,548
844,935
1869,569
3093,953
1179,768
1347,177
437,828
1393,488
213,385
55,939
772,899
237,1063
855,702
2189,79
100,311
811,775
183,527
259,848
1904,98
2427,26
545,705
2235,390
1595,356
3301,113
159,337
481,190
2994,372
867,271
1155,816
580,1089
1687,625
88,235
383,24
2738,738
605,958
240,83
2205,845
2451,4
2740,441
2529,482
2349,584
20,556
343,493
1950,419
1562,458
1385,713
2126,1078
2291,182
657,365
180,1081
1988,522
2086,283
2657,159
460,726
2999,1027
327,101
413,924
1277,700
870,575
831,1067
536,8
1934,544
41,447
2230,398
785,338
1035,266
445,840
2947,642
304,163
97,621
522,922
1338,169
701,775
303,867
698,22
756,74
124,628
3232,1094
15,253
312,898
309,470
3130,488
61,832
2591,587
55,635
1077,26
1110,750
1682,398
667,446
175,1037
1520,419
296,975
197,332
126,211
226,550
562,1000
439,251
22,339
832,1017
709,400
3498,67
2010,1111
731,398
232,153
740,815
1055,815
1224,726
886,174
244,991
1918,745
508,994
669,333
318,285
952,490
2899,397
33,252
524,1118
197,1099
415,1053
860,342
2498,363
1888,251
2410,228
1397,1046
195,931
2792,677
2318,615
979,821
1615,188
1867,697
590,649
2487,144
713,645
290,469
553,281
1924,474
2591,17
943,760
587,84
1958,538
491,529
2928,106
428,94
557,369
451,701
2063,1053
1850,612
1375,318
2803,652
1993,219
2536,163
1960,991
1604,923
525,966
593,624
1779,958
42,1099
1784,469
322,252
213,447
513,879
2643,989
2229,436
278,398
650,631
74,886
571,31
447,164
519,1063
27,846
685,952
1511,48
203,477
2230,490
1483,958
497,411
1537,522
522,709
435,412
8,1038
3494,448
293,862
458,985
229,824
1352,665
2238,783
258,577
1071,60
98,254
93,350
1106,479
1883,418
682,237
1503,793
2855,260
6,49
1564,985
3007,211
189,13
1900,937
1455,403
1112,47
1170,200
91,761
3116,519
804,837
527,455
3213,989
1912,535
2190,621
896,279
2012,726
155,258
832,38
386,756
1609,120
2527,102
1351,342
1748,103
2754,174
379,986
939,563
2127,9
57,544
596,192
1353,189
2007,148
1999,11
180,1102
641,512
542,885
1363,114
1320,680
595,833
1110,848
2200,812
366,953
66,543
861,303
1965,786
825,400
900,339
739,667
1741,956
1021,402
108,725
859,739
2472,524
248,1116
247,775
2539,877
3116,315
2516,79
743,595
1499,333
452,582
417,1083
286,476
2340,953
1119,731
1661,574
238,656
387,16
264,606
133,820
344,351
132,1110
1154,9
23,590
382,627
1021,539
1415,829
894,256
1296,521
423,417
1,889
874,854
288,465
11,924
408,1106
3134,729
1586,555
886,447
631,278
1886,298
47,414
2450,427
171,165
1588,508
598,778
2895,517
224,15
230,242
55,427
1308,1057
1889,388
1492,801
335,156
793,700
2123,134
844,881
1145,893
3,494
1293,270
1370,931
1459,1006
955,976
2649,389
1791,950
1135,1107
103,52
287,983
1783,597
521,183
997,646
2850,625
3027,142
612,919
1482,466
1705,636
2480,205
1709,583
820,801
624,332
100,1005
309,1095
2019,723
119,605
515,983
1633,964
430,995
939,324
1506,954
2400,73
1110,1038
1392,786
378,897
131,532
2052,1066
1399,255
1357,245
1255,321
438,553
128,1071
3370,723
1656,680
885,1108
2118,1052
3360,27
1382,736
613,2
2194,928
1123,171
874,315
1607,288
139,443
1147,101
1726,845
1981,206
883,962
1078,562
743,754
2056,767
1595,736
426,319
2092,815
1489,13
2503,538
1370,275
1377,563
378,645
500,276
725,970
239,944
648,681
2250,526
982,272
1005,553
849,151
414,885
1332,527
1156,895
319,975
1982,276
2168,511
461,162
25,236
1527,1023
417,245
916,360
1045,287
3043,97
1792,939
108,829
1652,902
56,484
620,232
127,666
979,212
2624,335
1789,856
485,430
48,493
109,1062
1500,833
351,629
1623,107
1048,660
117,1072
174,575
543,808
1357,13
708,192
786,48
670,582
1005,506
3396,316
181,898
1750,196
2481,825
49,108
509,359
547,676
363,738
1885,345
148,1087
2904,1095
381,489
24,75
982,599
60,1071
1431,62
76,412
215,834
485,1037
285,741
2033,397
94,877
11,788
1,283
595,583
1444,1091
383,22
170,1078
417,257
641,1036
1098,528
1319,408
2585,464
1065,939
2088,1083
39,350
790,899
267,986
740,1006
19,83
383,184
2736,762
23,1033
419,200
3534,12
1170,123
785,929
378,829
1565,10
1314,828
119,118
39,874
207,93
1866,427
791,162
953,336
184,159
3279,1090
84,398
774,637
2727,1094
498,432
132,152
694,526
26,796
667,327
697,701
1039,210
152,1039
928,170
1106,270
166,332
2556,224
936,455
3059,871
2917,1002
95,340
487,662
112,731
539,205
678,502
1552,604
2778,835
1491,139
330,583
364,582
2472,938
1,1093
154,191
989,770
1046,302
429,744
155,948
317,106
2100,1046
1667,1077
487,868
846,312
1539,356
358,446
1458,714
993,27
3237,70
2253,581
2938,550
2148,587
1857,917
29,241
871,451
2534,72
16,335
290,36
1698,1005
1990,695
16,690
73,260
1253,549
956,339
3437,240
2120,206
350,436
1290,747
2097,944
1560,534
398,593
1234,428
45,262
1327,36
3649,1033
705,68
2326,277
136,555
1785,727
142,1057
3164,420
2082,21
360,111
66,942
1944,525
537,416
624,946
1509,365
1391,337
1023,251
52,501
162,499
1380,73
395,329
2748,79
562,159
1049,248
1803,25
115,400
1327,452
1127,717
28,989
640,318
1952,286
1847,476
318,275
1,290
3178,7
187,570
2036,351
295,1031
567,12
949,574
1736,531
209,941
195,724
212,969
1329,696
3179,810
2146,786
1403,732
189,324
664,770
372,710
955,878
1149,211
61,64
2417,476
2763,34
705,84
2461,978
860,763
137,42
389,533
521,719
840,333
1143,212
1233,1014
1420,1042
1486,850
1120,985
917,1014
972,1113
4,77
467,613
205,197
2979,382
444,603
1699,113
1150,343
115,126
30,293
197,1034
2838,207
1238,374
2640,902
773,51
2286,789
354,205
1469,226
1913,652
373,141
804,776
742,532
1647,60
3205,964
184,974
207,799
1383,92
467,843
967,1019
1732,471
151,956
432,549
1923,123
428,1004
2549,1073
727,620
1130,884
425,181
1152,1034
571,764
166,100
1290,1011
805,1042
241,266
2818,317
1975,812
1188,719
631,452
235,986
2203,241
1568,254
77,666
3187,650
80,413
0,640
1066,1073
300,274
1625,533
2288,1015
317,248
919,1052
1641,268
1522,144
1057,24
1597,1106
1742,908
400,373
51,379
440,1087
1811,900
432,115
2565,98
39,994
512,487
5,693
83,435
12,546
2110,197
481,321
1305,973
1022,792
3148,251
2622,626
383,804
104,60
2739,950
1686,215
97,929
757,89
369,200
888,1035
1144,41
399,1107
1349,211
1723,576
870,459
901,213
3145,1085
2058,1012
3652,584
1316,1077
22,106
29,1114
1267,266
1071,230
3530,564
803,185
563,116
1761,269
541,663
25,779
532,729
1599,461
386,829
598,848
64,395
268,662
33,1090
1950,907
883,968
829,75
889,319
3319,1067
82,311
1357,678
294,64
463,51
3003,313
3187,1036
54,1050
172,17
3296,530
1045,647
641,540
142,264
1537,60
2159,1095
1253,983
346,111
2915,228
614,0
1635,149
1130,1119
1648,759
2335,59
1313,749
2860,255
80,234
5,558
1306,824
1038,960
859,690
2042,1013
149,451
1415,759
320,73
1118,391
3226,166
2562,476
236,1057
3303,71
1544,822
1336,749
2050,1032
814,432
1215,138
107,637
1556,1075
1231,661
702,1025
295,592
1918,462
237,223
61,625
408,48
1241,510
828,1075
2568,926
1593,580
2287,241
768,280
393,842
2096,712
1949,1004
145,691
1370,448
88,821
1482,1053
272,722
110,156
2399,417
302,402
492,234
1152,173
779,235
1199,34
3268,568
180,649
2987,269
2419,688
1048,997
314,559
1945,135
861,120
269,297
745,858
34,756
1495,243
2059,3
955,305
1410,676
1311,430
2621,121
2255,396
344,937
2488,610
73,525
15,1032
2505,591
1334,816
53,703
345,1028
259,494
844,178
799,768
2257,6
2595,107
612,25
54,1001
652,359
494,1110
1823,738
67,198
1661,406
521,1097
512,668
181,986
1202,1058
1778,49
20,824
1984,814
531,200
697,57
1160,545
245,1020
2360,5
228,983
2767,778
535,375
2141,869
97,810
60,879
311,1048
534,548
1631,895
1848,867
1439,582
2265,346
1414,770
30,91
353,233
2427,315
8,585
2990,931
872,752
810,124
2988,239
99,145
1459,125
1382,1053
18,744
575,910
768,578
484,39
699,295
2171,426
2144,664
230,481
2347,619
894,418
459,542
321,311
49,963
266,871
242,199
1135,781
902,723
