lhs,rhs
871,388
942,320
1038,116
841,8
1221,195
235,171
1190,283
185,212
1226,8
543,296
914,297
656,232
35,112
1618,41
1858,153
577,18
2373,421
599,46
2357,406
1119,250
526,288
53,51
1278,322
2153,373
1448,150
1363,385
1578,59
552,53
977,313
1015,299
1872,334
989,87
138,287
454,245
1527,360
829,130
797,307
119,57
743,232
1001,314
21,305
236,200
1673,131
1913,313
2094,133
1730,332
56,39
430,337
165,172
1196,195
37,253
815,258
552,375
1321,254
1187,200
1081,101
54,315
1676,245
12,141
1636,37
1635,198
883,121
484,127
552,282
1108,98
224,402
1519,303
181,313
1191,113
1283,325
884,411
1926,75
289,353
897,53
2154,112
130,72
242,46
2598,411
348,18
379,41
1077,14
1739,35
7,201
1323,78
2231,117
1056,393
6,102
552,134
2048,344
1141,316
2089,236
1296,45
219,243
404,269
1100,280
878,207
133,105
7,65
746,59
468,159
147,190
1484,138
1712,350
892,390
753,92
802,336
608,18
1746,58
1675,139
1590,70
474,356
661,214
1242,161
2284,265
1831,311
2177,201
767,55
995,147
553,283
639,385
1475,12
1945,294
546,352
33,181
453,394
1197,25
1568,118
15,121
67,327
25,322
905,316
2722,298
28,63
1914,106
80,227
684,148
898,370
1456,334
393,33
963,347
57,33
2494,53
79,0
1447,251
165,245
352,61
30,96
636,90
385,49
1057,198
2630,145
771,411
641,423
2,28
1705,205
832,178
1969,18
568,339
505,39
147,145
1261,60
859,143
1522,394
400,282
405,103
747,133
2518,53
654,16
198,297
1909,80
612,341
2305,367
1963,318
56,25
541,206
1318,94
1394,236
1632,290
1475,261
1762,188
1286,252
1444,79
444,86
452,143
997,419
110,298
92,134
1459,217
977,121
1396,90
1127,102
1324,264
1265,92
1625,247
372,84
62,31
1594,49
1160,120
844,218
1086,190
1971,397
1049,142
1624,153
2394,415
1707,52
1261,398
1015,180
669,184
132,407
1329,149
200,30
1003,49
2480,232
2242,329
2393,276
1587,266
80,414
740,42
1374,47
2215,184
92,141
71,350
9,200
846,23
27,378
434,206
1283,327
2361,78
188,135
2297,152
2542,233
1769,337
1317,171
149,76
1002,295
1006,416
861,103
1869,330
1773,79
414,81
593,248
1209,252
592,40
1947,188
40,116
520,232
205,139
309,298
1815,120
213,276
1095,15
278,291
1204,412
1141,135
227,412
80,234
1596,289
377,81
2364,57
482,406
15,363
1170,164
377,47
2305,144
163,311
2544,90
722,354
1012,308
188,402
633,350
288,30
330,391
1203,387
2352,155
323,170
253,143
689,387
910,4
1667,195
186,415
2388,364
1566,97
351,265
532,206
519,115
1544,403
1857,349
2247,219
1392,11
530,254
350,139
2555,43
2239,281
65,279
279,198
299,269
2508,266
66,225
1240,24
1192,9
1543,222
1601,153
104,75
62,17
2050,0
1724,186
1588,346
126,57
128,145
780,185
2169,196
21,352
1813,238
2125,238
2640,100
1075,402
788,134
897,149
1381,176
138,50
1117,363
1825,89
837,78
1166,53
718,196
1265,317
1458,231
1050,212
744,283
164,193
1336,127
378,242
41,125
973,52
1858,272
497,266
1543,419
406,372
674,167
2017,372
1531,76
1204,124
527,302
1369,190
1438,61
616,406
0,269
859,125
262,114
1382,244
24,328
1551,250
2395,103
1264,127
796,96
37,137
1230,142
2291,320
50,175
1897,278
1837,129
373,80
1383,137
2721,119
545,293
718,230
285,182
123,228
120,309
65,331
2150,31
1337,378
1260,11
1057,165
2388,252
310,422
419,344
822,403
130,193
847,227
98,375
1322,370
1298,86
329,235
361,162
1020,217
1976,383
550,380
2404,255
434,84
685,346
1770,388
1397,22
2154,335
2430,172
1188,303
95,271
2021,83
1013,323
832,14
509,61
2466,172
818,73
2551,205
2562,151
998,140
1390,334
1568,273
896,360
1568,47
205,80
205,255
1088,98
150,57
2140,60
363,325
224,411
295,241
457,108
2043,177
2147,139
183,338
1305,329
423,79
983,341
290,317
878,88
1535,3
1153,392
353,199
706,268
1669,371
1381,412
768,292
1510,240
999,245
31,70
1328,173
1890,287
677,16
206,336
827,71
104,287
45,246
0,267
167,306
1436,38
798,175
629,250
554,232
108,123
2231,261
273,51
2247,215
940,132
1567,51
232,283
207,115
996,184
390,250
2210,424
1822,343
541,147
130,366
2022,22
1824,347
44,33
214,371
1575,288
2026,387
916,268
2223,268
974,154
86,9
44,261
1127,177
887,337
345,322
660,131
686,184
706,111
813,310
1686,399
1770,16
1292,193
1498,72
993,18
447,366
990,221
1709,235
83,408
87,396
116,28
231,378
745,339
745,250
2548,143
262,241
284,271
258,143
348,207
1053,283
407,227
517,379
1134,204
148,50
39,126
2696,238
1129,66
994,35
918,362
404,10
51,257
1400,100
375,183
1604,181
841,220
1011,408
493,138
2354,198
1813,159
0,152
1705,392
893,60
1158,239
92,131
1717,252
103,5
2107,197
1733,425
510,324
765,248
470,399
858,75
429,92
47,285
114,288
37,107
1665,227
538,309
237,201
1018,205
766,178
116,140
1405,131
121,255
240,100
243,42
1916,16
2590,318
746,266
172,233
193,326
413,338
544,217
642,148
1761,384
39,274
541,123
2042,329
695,189
99,156
447,327
37,248
500,344
201,141
24,15
832,120
260,407
587,262
716,88
1890,221
151,83
547,414
2513,205
1107,376
471,243
761,376
121,32
2137,414
1269,423
141,160
1567,224
1183,371
14,224
643,115
1922,411
89,124
17,421
723,384
2066,129
1544,17
1218,189
92,4
1480,5
461,349
711,41
247,385
1127,419
2465,401
409,84
712,375
173,186
1351,399
168,214
1807,276
616,328
1131,217
1068,193
2476,130
1241,140
581,142
119,172
490,326
1101,128
1147,127
2338,55
898,32
110,378
536,296
2686,191
850,36
592,54
1699,249
714,168
1,142
576,328
1080,252
5,317
1115,253
1160,102
647,424
311,186
53,387
1909,160
1533,247
1653,115
1160,175
1813,349
876,327
1121,224
379,218
993,57
1130,353
2293,158
31,293
2587,233
2535,128
32,14
104,425
224,289
1773,357
12,44
270,246
1675,249
2098,265
528,47
1387,209
109,219
306,28
23,187
35,218
1649,402
584,294
854,105
252,403
865,2
34,408
837,25
330,143
1464,198
216,390
614,134
1647,181
2017,275
726,207
1062,71
707,330
2284,383
789,176
120,233
576,138
1724,301
801,82
1795,319
1289,182
487,78
1577,341
1165,5
353,383
1206,174
4,283
1424,105
98,174
487,361
351,133
1344,273
625,421
1129,85
442,229
90,362
331,399
1032,144
8,7
233,290
894,36
694,379
884,32
1886,76
1561,101
2046,323
374,395
42,323
746,79
15,51
1131,409
158,72
504,79
40,84
1201,228
955,74
1364,384
63,301
848,375
0,226
2462,149
386,245
939,120
826,114
317,69
235,401
2115,68
2054,262
2302,126
384,410
1131,45
2725,182
1641,389
1938,158
1799,111
1664,415
1032,221
42,386
477,215
86,173
2569,420
210,266
221,305
1242,173
283,147
783,228
1105,243
806,266
1211,145
742,214
1387,420
591,157
361,102
1007,319
195,195
853,153
386,282
2519,219
46,90
592,49
1545,16
36,22
1406,46
547,183
1311,219
440,115
0,221
238,241
2389,299
1249,168
557,219
851,255
2653,3
1413,237
1817,99
2244,258
551,92
2,415
1589,351
588,152
1073,397
355,281
2624,141
1499,309
571,118
1052,216
1151,403
649,169
788,297
1156,123
386,184
1205,347
1589,103
1381,397
196,67
1619,235
1526,417
718,149
106,312
111,262
138,256
12,88
2257,32
166,389
1009,14
698,330
2258,419
1725,302
1719,298
33,216
681,0
348,104
971,357
182,160
561,179
1234,48
1389,220
488,166
1496,328
0,174
9,297
461,265
1737,425
687,172
306,191
1062,342
1808,173
1374,111
2442,80
1499,288
2293,352
698,368
49,249
2047,49
1616,172
904,66
2212,122
15,88
1195,65
306,311
102,30
1756,371
192,167
771,398
759,279
2123,339
1004,256
40,129
884,371
1159,38
13,162
2084,175
213,69
890,49
2055,253
365,258
906,400
2283,280
128,419
517,267
117,228
572,406
94,38
2296,115
1994,262
830,373
347,335
1064,66
2062,159
1104,58
1272,310
789,372
1640,342
909,25
1944,181
2011,78
255,115
2068,133
498,2
1208,90
81,126
132,97
2665,91
1690,334
59,285
36,163
2364,315
291,67
1689,225
91,146
1150,54
265,241
1511,248
1881,95
1651,286
883,139
2077,245
256,48
760,56
2277,297
1076,272
1208,317
1019,163
982,78
0,108
1992,421
1788,30
13,425
42,122
678,15
1082,205
677,50
142,366
408,70
1643,258
667,50
362,80
2684,170
2617,305
103,8
1462,311
1343,254
139,133
647,351
1417,365
574,361
258,421
1160,270
132,166
2250,52
1716,268
162,127
419,342
2208,370
684,410
927,244
1057,175
1362,98
2437,17
1833,220
602,225
547,119
693,355
636,358
2320,135
613,392
1572,295
1007,330
575,31
1105,399
1037,202
363,234
920,183
2082,163
503,418
417,185
364,105
1132,411
324,13
1344,129
2331,102
1508,250
223,362
601,392
735,205
340,336
6,20
2122,352
1733,133
621,168
1266,233
499,104
1821,253
469,415
374,395
28,86
130,278
1277,106
1016,109
44,101
236,399
1269,407
825,232
1516,38
738,343
450,46
985,379
538,368
455,420
88,379
2621,357
775,5
297,408
18,286
2014,397
1192,2
664,171
799,395
95,274
1027,97
2628,132
1013,129
2615,32
1894,219
195,82
1779,0
12,318
1682,34
397,62
2522,12
1962,146
612,57
3,260
1817,89
33,28
250,6
598,174
851,314
1858,184
1243,308
959,361
374,28
1177,397
274,345
55,302
908,309
365,363
315,116
297,100
1366,130
644,398
1902,184
2348,142
904,389
363,218
1681,410
751,96
1988,284
526,412
2553,149
737,309
2312,327
1808,278
1223,368
846,99
1114,275
1352,248
340,301
425,345
599,379
2355,425
1563,283
634,417
1988,248
127,199
304,224
38,39
2340,42
1571,262
1057,110
742,383
0,373
1647,71
1324,304
1472,43
445,221
2393,320
394,310
501,229
1047,342
366,345
1713,321
1414,111
94,386
93,325
1522,76
1005,416
1438,371
61,21
886,29
2026,53
1090,94
464,229
2719,233
1435,226
390,179
201,325
413,138
1472,354
501,7
516,407
13,179
2487,49
404,396
2054,293
1430,346
650,168
464,137
1426,184
1325,212
238,226
2331,152
1198,299
822,120
1174,12
98,404
830,134
595,278
89,55
2157,132
1286,82
1860,200
99,29
458,382
106,258
983,46
109,127
1704,288
871,253
755,255
995,11
2324,252
1667,156
206,255
512,275
0,373
1812,206
2327,401
2022,290
281,159
1459,409
1010,145
1166,180
42,186
1014,189
964,216
885,14
1917,365
2322,124
1042,245
2134,378
752,139
1539,214
1030,368
572,249
76,78
1790,334
65,384
1651,344
5,106
2146,90
1188,398
1049,386
1638,367
334,406
6,35
1646,67
423,306
1803,82
409,185
2280,347
1997,291
2548,166
172,321
323,208
691,70
243,225
533,165
1676,349
149,243
738,224
71,86
322,215
1332,405
32,204
1685,367
861,3
1169,317
1748,359
1369,275
487,379
1033,345
115,380
806,406
734,50
29,187
219,208
243,142
88,33
2141,419
1410,252
1067,36
1491,349
2190,269
2286,108
529,164
204,112
2491,233
93,335
379,272
5,95
322,57
162,157
216,385
177,175
335,296
2063,307
1568,262
1347,417
715,271
1973,64
669,31
293,288
881,133
190,257
1489,74
1556,45
133,113
43,354
1133,106
1125,249
15,146
2438,149
2275,379
289,253
775,201
1410,341
1378,366
2405,405
698,163
1223,120
133,400
470,222
302,237
1725,207
1172,152
1509,168
1653,173
379,109
697,177
81,25
1051,268
2001,62
2136,194
157,15
1945,292
1891,87
422,411
577,95
1268,106
1159,225
510,238
217,120
1179,21
431,170
221,84
516,278
603,189
1579,214
187,322
815,317
2368,312
900,203
268,157
964,37
2704,325
134,112
2337,369
86,52
1455,387
295,306
50,116
1284,193
302,285
1191,123
1166,155
2528,163
508,62
664,122
1210,184
2657,369
1963,298
2043,114
378,241
1851,82
1327,408
1222,71
162,206
108,84
1184,152
577,202
943,358
1445,250
282,7
237,174
17,221
187,371
261,103
1910,357
1257,325
734,18
1494,369
54,398
160,311
1054,186
1030,290
814,290
1893,233
805,291
387,27
7,12
735,170
823,332
852,114
1053,18
334,245
295,60
1408,307
9,349
1351,265
2514,242
614,301
815,263
1266,294
2518,269
42,21
1168,175
1063,279
1360,292
254,127
42,18
493,38
541,196
543,27
2375,42
73,326
1918,239
492,119
1621,225
119,207
788,240
201,245
802,206
761,36
864,24
209,231
430,62
2184,45
1182,50
1528,373
134,358
1839,105
2148,324
994,338
389,0
1854,353
1286,17
1641,210
373,58
1127,184
1055,122
98,424
1233,209
944,137
1262,332
1536,290
391,107
2554,96
1399,166
110,30
2176,312
1716,290
2553,377
632,53
1153,371
1241,351
852,77
524,168
1013,151
84,228
963,350
986,233
77,23
132,184
8,311
47,347
1777,249
2597,190
86,195
483,125
73,322
672,399
2,166
1601,43
864,36
1315,401
1714,104
1553,137
1809,253
1152,249
202,395
1302,203
1506,298
1284,43
755,317
336,144
747,388
1730,342
1157,75
1000,167
1424,369
1870,295
1731,171
791,285
185,172
1058,322
1733,358
2146,341
1039,263
670,358
218,57
169,365
2335,109
1582,290
179,81
6,46
494,211
1140,33
1924,71
325,213
471,69
302,393
856,175
131,360
1925,134
1891,215
1303,26
229,128
1805,231
1908,398
1778,342
59,243
1753,47
2404,200
1401,129
2,164
1066,211
2436,393
1122,386
23,279
2174,350
758,353
397,146
1095,111
40,410
63,25
1390,409
923,216
349,416
1130,44
1777,161
609,281
2348,297
631,406
307,374
100,13
667,166
1456,140
100,304
1611,278
1441,261
79,14
469,88
751,405
1521,406
2481,60
608,229
1952,113
1425,26
57,95
798,397
2064,33
76,75
511,284
1358,44
246,239
919,115
934,257
313,158
2630,59
468,380
1304,214
424,219
509,364
1831,120
2424,251
1932,302
93,14
1385,288
2086,32
334,406
178,226
1394,98
89,111
1569,114
2587,292
2082,120
15,307
736,401
48,105
691,389
1175,364
908,140
39,72
382,157
2720,35
710,51
1221,383
141,261
444,249
136,262
861,341
1099,374
2547,417
1224,399
157,342
2345,156
1132,125
619,274
2085,71
1071,198
1194,127
2326,224
2529,145
1418,416
408,186
1794,163
423,4
680,166
56,248
1115,264
551,225
368,57
944,308
976,377
288,68
0,243
175,183
585,345
2687,93
1619,182
311,76
2028,353
920,18
1160,69
124,251
1937,319
2312,7
728,358
669,129
1555,157
704,26
883,268
250,76
1275,424
2149,310
1594,200
1261,383
2677,385
1973,17
633,117
32,187
1704,53
388,8
1690,304
399,146
412,208
106,9
306,231
37,58
253,333
418,166
807,24
1517,321
1749,249
347,309
484,41
2166,166
561,129
33,64
61,124
287,340
155,192
75,171
1032,88
2452,88
25,347
2190,364
1972,203
428,59
30,323
2478,120
410,238
705,71
2681,77
1451,373
1210,258
631,269
630,285
1793,240
565,355
747,287
66,22
1199,268
2137,107
478,367
520,357
2191,374
851,127
1623,241
744,289
2288,378
1559,395
480,372
1834,259
103,259
536,374
1950,337
2268,412
139,60
1374,13
1173,65
1267,359
212,226
2384,36
1525,90
8,335
1310,403
16,296
1459,44
1988,361
2086,272
313,51
1139,127
1446,36
1665,229
1720,204
806,422
753,145
657,322
574,66
407,182
1699,73
1105,104
317,67
1630,386
1201,286
67,397
1318,222
766,201
110,58
1790,325
1205,193
1662,396
2291,342
2676,347
1297,280
240,346
1771,78
26,307
569,395
504,208
1038,35
57,263
105,109
1690,3
40,26
76,105
2187,383
335,129
1392,384
1897,70
1278,97
449,63
160,126
740,312
1271,133
996,226
355,217
294,303
1293,56
904,343
116,206
1625,49
40,216
2156,168
87,261
1000,265
686,271
1911,201
2136,179
2050,73
1393,339
1611,207
271,118
630,288
760,315
2434,174
512,179
1680,34
1621,226
950,0
2526,68
2285,272
1828,129
1032,287
1601,340
977,136
1220,315
99,64
695,151
485,112
449,51
143,68
723,64
1056,37
429,115
1233,405
1091,99
538,394
1329,67
1586,279
199,198
2413,405
2512,141
1113,394
877,130
858,119
1337,206
52,332
262,114
2688,229
1237,366
580,226
305,265
68,355
214,143
217,101
2129,344
1184,227
399,259
138,188
965,138
1570,250
2116,42
99,78
965,251
1005,384
1500,349
346,156
1318,146
662,30
2066,213
141,159
947,159
2326,39
1820,241
302,274
1938,19
136,36
1762,219
665,272
27,265
1216,311
57,10
712,192
1899,161
867,75
2288,317
733,103
1631,131
234,159
2092,354
69,123
917,12
2070,75
2021,122
1948,373
2412,292
669,46
1091,327
78,329
95,36
2551,274
77,240
153,177
485,406
1247,15
930,67
1195,213
497,224
1572,34
503,369
34,175
65,292
815,95
1444,211
2280,268
11,158
143,190
1825,101
1750,271
35,362
1636,305
317,246
1452,23
432,393
310,94
1089,372
1538,396
435,271
123,83
84,425
558,154
283,68
970,296
171,317
1007,203
1270,161
315,139
508,197
3,107
1421,73
2587,403
405,86
381,186
1187,259
1729,274
1109,56
2607,182
182,373
579,402
350,342
316,198
1960,382
950,139
506,256
47,168
662,309
2187,362
47,196
1675,156
1083,215
539,346
1282,228
2035,148
1285,264
2226,318
351,39
388,0
161,349
2545,163
1717,242
512,98
1728,133
1378,308
1989,173
126,105
232,39
2524,343
2025,273
143,312
2025,300
379,139
776,125
539,253
2287,269
7,351
1029,89
561,129
961,321
119,118
898,239
125,147
320,96
2095,15
826,201
833,197
1107,93
348,15
1884,40
778,169
1055,196
1,409
36,122
1529,40
2210,329
1110,27
1680,131
2089,343
805,27
1431,139
1630,182
1407,102
1852,265
543,189
1205,333
1778,418
1433,78
375,407
266,313
1787,237
2102,102
2623,248
229,257
2562,51
781,406
1316,70
1493,250
395,421
1281,215
1022,253
292,262
2063,157
1024,380
1872,229
572,110
2561,77
448,124
357,377
43,27
78,269
53,225
181,71
329,33
909,300
2080,97
2562,252
1016,285
816,226
1763,228
1333,174
515,158
93,256
574,322
2421,194
2034,112
37,3
997,423
11,379
2307,117
1156,369
1035,230
2102,77
2546,314
729,368
1128,75
1461,7
441,107
568,203
0,240
405,279
677,288
410,146
1995,370
157,106
509,67
268,387
1765,301
1421,21
2707,11
805,140
150,105
567,114
108,358
1888,83
464,370
76,45
1047,46
420,64
712,101
367,138
1278,193
365,26
0,286
1095,4
1925,74
463,310
48,343
682,112
152,9
333,34
852,212
332,22
654,258
151,140
2258,418
1383,160
1987,100
387,274
1121,410
1131,405
561,112
165,79
669,390
2411,213
1580,243
1702,77
1170,115
2087,236
1208,405
15,376
2692,0
29,279
1721,157
1478,255
794,233
1804,163
545,314
871,103
1175,257
619,413
1200,353
1039,93
502,318
112,299
62,315
1550,355
118,101
1377,40
182,274
2237,317
111,98
611,79
1176,298
994,109
1109,21
1993,286
1685,88
170,226
740,293
745,420
1324,126
358,59
1497,39
184,92
217,47
131,95
346,3
1183,249
442,391
46,152
2523,151
36,117
1501,49
2587,81
1874,305
979,336
844,249
585,32
67,206
462,54
1904,165
2000,88
439,135
167,52
932,321
2486,82
446,52
2000,223
6,26
1105,357
2116,323
146,261
159,222
991,223
67,398
1598,375
1619,133
703,251
93,59
350,356
181,128
906,215
354,54
1101,373
546,382
2615,313
60,374
337,370
837,67
57,295
453,341
1876,55
675,346
129,394
1730,255
1224,67
14,237
66,350
1485,20
1303,66
2,238
525,111
2053,358
1986,159
2216,400
673,81
171,289
1560,309
138,61
140,136
2494,226
1065,284
700,160
2384,39
2251,78
259,211
965,42
153,254
701,386
1832,252
853,32
690,322
651,270
286,310
341,229
765,339
1430,188
1854,65
853,49
436,280
73,244
2537,27
2160,368
2,291
968,184
1323,174
127,261
631,389
677,50
2509,92
475,75
1664,115
503,227
197,150
466,139
107,296
109,229
1084,217
581,423
1752,308
1200,388
1748,74
233,406
2465,131
2038,198
626,407
2086,204
94,342
2337,370
2152,83
1474,368
554,84
2049,70
2568,351
851,2
225,69
2401,137
790,26
385,417
1250,13
1793,339
227,6
2406,217
427,238
478,242
591,53
1340,268
90,102
837,242
728,54
417,374
117,205
96,216
261,165
2284,210
1741,185
12,157
1981,223
352,44
252,392
1945,56
1369,328
386,320
1041,287
199,31
2614,247
2309,83
148,161
2018,92
837,263
185,1
2007,81
1671,225
2172,152
948,145
0,88
710,140
2264,305
1624,166
4,331
311,24
1220,91
2104,145
2308,2
185,350
1128,36
2346,58
1154,3
77,256
874,342
2223,62
801,3
218,99
756,80
819,1
458,303
801,221
816,277
240,274
1478,214
355,195
33,318
1004,19
2158,220
482,128
2087,222
1767,379
778,58
19,256
165,127
186,185
1933,228
13,365
2064,197
11,246
15,258
33,79
473,373
1799,22
1220,25
248,122
1249,152
1057,83
32,416
791,133
1389,20
1752,192
2298,285
1402,158
1502,216
1477,287
274,20
11,124
2242,276
1340,417
31,275
662,24
931,333
2242,19
403,15
934,72
955,204
1261,224
376,375
42,313
1542,377
946,354
122,286
695,223
515,86
582,223
606,325
50,126
104,296
233,45
1181,424
1038,133
1319,340
1963,71
1678,407
114,85
1151,280
1803,291
1298,350
929,179
2436,231
1082,179
1301,88
552,296
12,234
55,134
450,416
201,321
421,109
24,293
2335,147
140,96
146,413
1717,187
2409,37
258,412
435,88
670,386
672,31
2367,66
1080,138
112,102
50,384
195,76
2133,299
1711,260
1488,403
456,274
2079,51
1125,234
1247,84
970,65
1087,120
1924,314
2488,155
305,20
370,88
765,379
2125,315
94,238
450,185
692,17
1767,35
2195,99
1544,258
0,176
371,264
1557,316
596,218
1377,226
1530,264
334,154
492,333
1059,155
837,148
695,87
229,27
812,72
1328,278
153,275
2119,326
880,104
12,111
2125,58
874,247
1897,319
381,165
165,40
808,125
673,19
620,64
683,205
2288,269
1368,412
2075,132
312,224
93,309
782,360
2319,290
551,393
206,91
1782,85
2279,197
771,162
103,75
769,230
2129,380
313,76
374,80
2178,23
1701,192
1686,309
716,358
1977,400
82,162
173,251
1592,390
144,417
547,338
183,33
2155,351
2109,167
1697,190
2199,387
1976,271
232,31
1704,296
691,70
2109,168
143,275
1263,418
1009,72
244,314
1164,233
207,394
17,294
2434,335
1766,5
1087,159
1550,357
2425,240
1475,404
2182,119
2204,279
972,239
329,348
2257,319
1681,293
220,258
2692,71
119,388
121,160
2046,364
933,285
1664,380
17,254
607,140
196,365
270,389
654,390
470,102
20,139
2461,132
1305,301
1200,151
393,166
777,189
1201,107
424,328
138,351
1770,106
1085,394
205,89
685,85
2322,153
657,251
193,253
970,331
1403,352
1248,209
1847,188
1012,130
316,27
675,180
706,425
2,349
43,128
1208,355
1323,130
186,348
811,380
359,66
582,401
140,361
1062,59
210,163
1656,237
259,309
21,211
88,100
134,223
1378,253
1672,57
505,73
1137,65
896,37
8,229
1784,262
2239,101
397,185
137,200
2141,399
189,221
88,396
1308,369
201,156
371,286
530,410
1575,160
675,7
74,40
1226,419
365,48
113,382
109,105
18,46
1278,273
275,97
2077,202
308,353
927,17
393,378
2508,166
421,69
708,388
1396,265
2239,1
329,116
323,107
746,0
827,100
1251,107
1068,300
1693,287
7,311
116,192
413,145
16,71
907,86
120,278
932,262
47,314
224,336
1937,289
362,348
241,24
528,74
795,359
2231,178
46,85
1606,297
636,130
1759,33
1606,180
1744,43
652,13
797,272
870,391
2078,199
1057,180
741,126
1288,337
1301,328
1308,35
36,165
2608,333
1962,218
560,125
70,385
711,205
2516,65
1337,307
1419,68
2095,70
79,139
1650,268
354,152
434,280
986,204
131,152
672,156
204,87
1212,180
2039,165
2597,280
1943,290
1851,89
1427,372
1685,38
2668,149
25,270
1033,361
500,194
704,324
267,310
278,140
106,347
83,109
1866,349
512,113
251,269
338,314
383,49
2293,127
412,204
177,402
516,400
384,195
78,212
2463,261
672,223
396,168
1722,306
430,93
284,300
878,222
1610,14
1038,148
76,257
1524,59
153,363
830,406
1298,291
1979,36
662,412
102,199
1080,111
2072,97
1465,329
1752,28
79,186
319,86
768,297
533,397
211,134
2127,186
119,367
776,212
2640,272
1487,309
1264,70
1914,251
185,376
1714,108
1219,184
4,347
263,366
1030,133
1308,337
900,356
362,322
277,352
889,197
590,281
774,262
212,200
2138,424
43,16
16,304
62,133
481,310
1138,56
1565,275
1248,278
2033,206
722,405
695,366
36,135
59,242
1994,165
1881,314
2224,10
671,84
287,129
2681,24
437,402
2435,302
1624,375
151,423
2001,204
2431,12
1165,286
274,269
2575,351
916,341
1955,116
176,318
1563,378
194,249
1455,138
1611,392
20,210
366,319
538,326
608,109
1538,240
247,66
104,260
2338,52
1381,236
85,406
87,384
563,46
1485,338
884,34
18,409
1027,141
242,7
641,331
2501,323
1402,189
2416,182
2451,261
197,154
1347,401
268,94
196,420
1969,421
2397,113
216,266
684,110
279,385
2545,146
2266,289
161,304
331,311
1962,34
1658,201
2170,313
610,345
439,296
328,288
1872,256
595,176
255,308
44,322
1142,64
1453,20
1469,374
851,201
1775,367
342,52
416,205
2546,313
475,16
1541,77
1196,342
5,164
52,275
477,343
2014,162
789,219
1573,156
455,341
2070,179
635,138
1192,295
1634,315
1671,147
270,220
2189,169
60,73
2532,106
591,412
448,106
1526,362
824,308
1624,307
475,214
282,158
513,88
1070,337
515,123
2141,76
424,333
416,407
323,260
154,391
853,374
791,295
410,420
255,260
1243,315
1207,301
1791,59
374,365
2259,24
4,124
737,251
527,214
2,101
2434,35
100,146
121,181
1281,101
865,5
499,2
1074,317
1779,372
258,255
385,147
765,138
379,214
177,102
1101,411
1568,148
624,341
1607,36
467,15
1814,31
1979,7
175,236
1031,11
1653,333
1298,160
8,8
1166,22
1123,0
130,173
934,24
544,155
1910,46
606,121
640,8
533,379
2671,45
1246,14
1399,396
485,225
1051,327
85,238
1090,37
347,9
104,51
685,377
640,168
2171,107
510,68
1049,74
243,419
238,314
681,401
2315,121
286,275
2379,46
28,48
385,192
1655,40
1638,40
1255,258
1087,305
168,228
2502,163
1916,17
523,381
84,210
513,301
568,112
803,90
1203,383
45,207
2003,354
1395,177
1575,136
174,219
389,385
1224,420
1457,356
1555,25
112,329
864,415
1477,154
872,138
1431,291
577,385
274,199
463,130
1311,73
11,169
188,8
1325,411
77,188
52,415
1420,208
362,267
2295,412
1850,41
59,333
152,278
155,211
1307,307
790,182
233,312
2303,390
1843,297
1020,262
2650,136
572,295
694,1
582,343
2137,112
1281,260
954,104
455,84
369,209
1732,257
184,83
1399,383
96,333
5,36
963,395
257,356
876,285
187,201
1336,90
268,103
1107,69
38,127
540,223
2187,55
713,416
743,112
505,369
1512,107
280,298
1057,9
207,316
136,38
1969,256
659,157
54,40
2374,388
586,142
966,213
1452,330
538,240
1562,320
2714,196
2431,262
2418,366
2141,336
99,290
602,355
226,384
12,55
1433,114
1508,81
2015,161
2316,163
796,228
71,173
2052,218
2329,25
235,281
89,396
718,228
2336,158
1431,352
2588,309
1468,399
57,6
935,106
1162,167
6,371
1259,13
161,135
198,297
1508,279
1717,203
33,395
767,346
1924,62
1430,214
392,201
316,94
1009,373
209,106
763,16
390,182
740,296
1434,389
1468,96
308,127
1716,370
603,142
826,401
264,3
1362,378
1565,372
157,81
978,147
1300,388
2077,381
1491,263
81,50
237,55
1076,149
2213,336
729,413
1635,398
306,217
1189,215
705,134
670,375
100,54
64,318
137,302
256,327
255,155
737,235
959,223
853,66
616,403
597,324
1537,11
2106,125
68,53
2052,9
459,98
67,160
1530,129
534,140
307,396
701,135
552,184
165,295
2053,339
16,152
279,99
135,52
1191,89
1262,273
622,193
204,250
1990,258
702,113
670,317
1235,379
832,224
332,108
207,316
250,181
1879,104
378,11
386,241
1361,310
2268,313
728,211
2389,164
701,163
1561,88
2111,259
23,358
327,333
267,325
1893,47
643,264
241,114
2611,89
1691,200
849,75
2202,253
500,265
263,209
2224,374
504,317
931,176
156,105
1521,80
1060,79
1010,49
794,76
1572,254
1232,308
2117,99
234,188
1718,261
19,210
23,174
830,5
629,410
729,192
209,262
1818,307
293,71
327,114
1367,371
712,329
1456,151
662,112
6,208
2030,224
36,65
77,319
2079,336
22,39
124,362
1679,272
478,395
112,43
239,41
2449,318
2539,335
1368,117
2337,246
388,200
52,357
791,330
1162,227
24,329
479,39
58,70
2680,164
431,30
72,373
173,390
278,278
624,82
465,236
836,162
777,133
250,274
2416,278
2645,425
485,145
937,408
234,413
453,169
1531,162
2391,296
1273,282
1010,18
491,421
1263,414
1343,179
395,408
1492,407
1633,176
338,390
864,312
1081,71
232,332
772,152
1392,116
1041,80
834,196
69,169
1865,46
1507,312
110,219
173,211
1285,133
889,394
699,160
365,313
761,174
1287,381
135,159
1301,188
1605,124
1762,12
3,274
104,347
2412,345
682,8
958,330
532,323
1487,412
595,421
158,232
716,425
2370,136
382,375
592,397
1117,108
2430,74
394,186
817,312
2106,346
1198,204
48,130
897,376
782,380
80,320
304,141
1166,45
494,310
2028,154
645,406
339,330
314,101
450,53
706,361
2199,161
716,416
2701,284
839,364
2148,312
1324,132
231,351
152,392
2,110
927,190
1428,85
78,355
1615,87
743,21
397,80
1600,209
1704,26
2248,417
123,215
478,9
1797,243
141,422
1674,17
1891,359
722,169
80,115
682,120
1324,304
67,346
726,159
1324,225
709,285
464,403
1218,420
78,101
823,106
2098,372
574,304
979,210
1322,116
1742,108
272,90
1383,89
9,17
1548,190
466,250
1176,341
2026,159
256,88
1,77
1539,312
1864,411
1188,406
579,66
851,292
433,256
1933,329
154,53
1771,320
328,410
343,104
241,296
1551,183
286,4
7,163
1246,228
851,219
13,82
50,324
851,421
1321,355
302,285
1254,359
1827,354
2082,11
2638,142
39,158
158,317
11,234
1202,326
128,298
124,366
159,266
69,413
1609,303
279,180
2189,317
513,172
1898,229
954,319
598,179
1735,309
2128,98
836,184
388,82
1408,312
2003,319
842,412
1259,234
819,355
66,45
1099,405
1760,128
1826,256
2228,38
2026,49
76,94
328,143
1353,209
356,294
149,294
1574,56
725,3
21,308
889,79
298,110
351,389
1795,325
1448,389
374,105
234,160
24,296
952,381
897,288
2438,65
622,19
116,8
2448,43
842,41
2609,72
39,352
329,55
2018,219
220,43
1723,272
947,194
989,83
129,291
2075,273
177,300
1186,119
1276,415
36,124
1346,178
1030,22
707,296
2661,258
161,179
243,79
1675,104
302,403
830,331
53,392
304,372
1734,47
20,123
698,292
1033,425
1038,35
88,279
341,279
1400,176
126,403
2150,8
1229,351
2655,84
904,151
5,154
2030,142
562,52
2685,396
1239,63
770,110
1297,174
1507,225
2360,308
860,0
1879,24
1486,65
2648,274
835,371
1684,97
194,156
657,267
350,372
534,305
868,383
2021,72
2231,290
299,302
2383,132
1388,376
727,254
1011,91
50,316
990,78
1535,191
638,1
2078,154
745,277
2209,278
1658,416
1394,215
511,253
123,342
112,72
1265,150
623,57
2092,266
129,303
2129,407
1214,84
1619,124
1439,283
1322,198
2439,105
693,401
1345,208
28,257
1100,90
629,292
1220,73
612,138
1765,165
262,239
2421,60
15,78
29,336
1319,412
908,95
282,183
1340,338
2388,172
2492,63
570,186
556,321
114,420
2377,78
1049,108
984,51
1515,102
846,207
405,405
1654,111
592,73
824,339
1570,229
1651,106
1049,309
298,349
98,244
1664,175
1673,190
417,159
620,139
749,11
1677,181
210,235
438,306
2031,306
2010,234
1701,386
391,282
2685,62
2276,318
0,155
470,417
651,85
1906,78
396,130
2041,284
523,252
498,176
1405,408
1311,289
721,6
980,409
465,220
2080,285
61,14
35,301
1582,346
2196,129
1409,142
679,195
639,145
671,79
6,288
2198,199
125,257
1610,397
199,412
1460,178
119,157
1033,63
1902,282
1018,311
1349,281
648,301
71,112
1822,268
1792,330
2227,64
2425,371
763,127
2521,287
1940,20
517,226
1874,227
27,340
492,160
1259,225
131,199
1485,384
212,368
1121,46
419,237
1905,167
6,303
539,201
56,271
344,28
66,314
438,122
2558,22
1851,214
5,66
1768,291
80,92
889,332
1363,80
2413,125
244,275
1599,29
2384,270
743,356
2662,84
1917,420
482,200
40,273
1437,183
111,274
1914,126
349,414
19,372
1969,195
398,72
944,289
1434,375
1022,238
265,237
1215,327
1825,0
1339,84
942,414
500,64
21,55
263,377
1067,239
1913,377
1816,391
937,191
1652,38
9,283
410,334
15,72
872,21
78,333
1910,329
919,83
573,29
1060,401
322,210
2027,308
1253,270
1397,335
2437,227
259,338
1367,314
89,139
1501,144
2378,91
835,408
1556,344
2206,150
1474,86
1516,417
747,34
2394,35
2067,127
1918,308
607,206
2076,135
1366,216
1539,405
1372,288
656,366
1048,101
315,152
1216,417
88,288
2397,90
275,259
563,232
697,59
1148,6
668,246
104,50
1021,142
1525,314
2300,79
2483,366
1774,264
1212,186
2053,57
388,135
481,110
620,281
229,394
1427,181
1934,385
333,89
1520,51
143,12
964,142
595,50
1939,135
1531,62
1595,56
2144,45
61,388
255,79
83,288
2072,84
141,336
859,229
1772,373
1776,24
1502,39
25,229
1652,418
339,170
71,312
2642,136
3,242
138,236
1764,104
1115,126
2080,163
467,214
2306,227
1610,251
1872,17
1595,277
113,342
1670,301
254,414
533,390
1316,388
1386,334
787,95
1,23
1531,230
74,64
17,103
605,72
1623,207
1120,129
961,92
535,97
81,348
942,87
551,109
697,222
1097,215
752,165
7,240
633,352
1443,14
453,71
982,413
2039,243
1443,64
113,124
511,15
1315,163
930,268
1986,412
445,171
935,325
321,343
870,252
942,270
498,27
1104,57
24,376
1143,423
900,246
434,405
1846,172
278,171
311,94
683,282
409,425
123,118
347,80
1508,396
1223,32
1472,69
635,337
836,87
2630,136
1537,180
2393,266
124,99
152,223
1188,309
2428,281
1061,62
2449,289
50,352
2414,142
1766,287
1893,174
1857,407
1415,361
94,63
2076,285
148,413
2222,115
471,32
1066,344
1230,236
400,256
1762,159
587,78
2669,216
600,104
152,129
318,32
2173,67
1001,383
1588,259
2036,113
1230,58
676,227
336,217
557,259
1282,261
999,398
605,158
1730,256
931,153
31,219
1374,408
202,42
651,142
1204,65
178,209
1393,274
1953,51
1675,119
1445,55
713,108
1262,212
1601,16
2059,127
686,243
33,12
88,382
248,238
2467,128
1067,203
1329,165
753,415
41,100
1828,270
914,260
96,311
245,422
250,20
1800,359
1217,181
727,345
1492,338
1395,130
209,93
353,72
2281,418
1269,308
1112,278
382,264
945,114
302,98
489,190
1864,238
126,406
165,62
5,412
372,2
1067,260
1840,273
858,67
1021,343
522,124
291,214
220,343
139,188
2651,46
792,103
371,168
580,137
1078,190
746,235
48,231
988,368
688,214
2351,168
981,58
1217,146
1979,228
1602,412
836,360
2493,250
571,23
236,255
1475,190
587,232
372,141
888,160
1672,96
2399,362
11,295
762,0
2367,330
53,246
691,354
2588,295
351,375
315,54
1393,296
799,47
941,4
1930,108
53,200
856,6
606,394
1213,255
1435,42
2625,171
65,51
360,16
1941,395
1332,164
260,350
2057,287
1243,323
241,74
1395,208
529,223
1697,340
264,175
752,339
7,176
682,39
601,346
1503,336
97,359
310,283
247,357
31,265
995,414
1898,145
285,202
4,136
2052,60
148,250
140,7
1759,178
86,400
169,298
1668,99
2359,306
1706,238
59,269
92,97
2026,205
2143,43
165,110
826,161
1436,170
1590,316
413,307
511,413
982,275
234,406
1345,197
916,138
48,229
112,119
98,86
1264,326
594,244
1198,147
178,177
265,342
673,394
1347,395
547,259
1287,369
1497,32
858,81
2150,18
786,276
1934,332
1005,108
2176,358
26,351
367,30
710,102
241,142
1072,229
330,94
984,143
539,422
770,382
378,322
727,424
610,411
643,109
432,72
1038,163
1261,243
1484,271
1679,274
1971,57
373,405
1983,140
1149,206
600,17
1356,222
544,416
751,370
36,167
17,223
1191,149
2418,5
965,339
722,360
1007,330
711,86
1205,176
2549,111
1063,264
257,424
1309,72
1712,351
20,281
2056,156
1165,306
281,233
2308,133
287,342
1388,45
710,340
291,415
317,277
539,396
1978,281
1605,52
287,233
216,240
1256,16
1278,410
1715,124
567,5
9,223
1064,105
601,126
1254,37
817,76
531,340
2514,134
1159,382
259,380
1672,341
211,254
1927,363
1362,5
278,43
841,181
1548,396
73,418
731,204
1188,403
2051,74
2503,354
25,278
272,310
1505,344
1552,4
958,284
367,408
955,51
1562,40
777,183
2326,235
18,401
1005,254
500,333
45,32
1714,317
527,395
1826,347
1999,111
126,154
3,276
2690,76
2060,150
956,338
61,332
971,26
969,410
1313,279
359,257
1450,396
183,159
18,142
89,158
159,191
946,401
1566,389
1502,215
1216,52
1561,15
1758,351
105,88
2105,85
1212,76
1873,330
1481,201
634,400
1507,314
28,182
1613,133
1185,184
1402,176
382,63
1792,413
1168,339
14,390
63,226
1226,296
2,168
1629,28
1865,164
373,21
615,337
158,34
778,234
643,232
265,422
121,382
62,245
6,290
1973,16
465,228
128,244
1824,161
2081,37
1586,306
672,207
1955,175
407,110
2298,90
1462,361
546,255
678,360
880,36
1581,336
1146,173
1215,163
885,223
174,372
1688,404
595,118
527,125
353,330
22,73
2099,327
526,400
598,72
1534,167
1553,14
1208,76
1912,164
149,199
2014,206
1446,25
752,391
14,424
828,316
2670,64
497,178
1027,134
924,340
552,317
649,352
1323,230
170,46
947,69
39,339
1205,368
250,284
1053,15
963,413
20,24
915,23
1443,412
2322,88
2144,366
363,164
207,325
874,271
315,79
569,13
504,32
150,361
980,204
2138,320
550,302
219,32
114,24
2286,336
643,294
1468,304
2000,156
1503,325
94,189
1157,195
332,224
1093,377
375,10
569,307
2380,344
326,380
10,183
1307,336
802,127
2108,23
707,218
1828,162
264,34
2444,306
1451,164
1720,16
573,179
421,374
1100,138
2434,189
1493,40
2055,375
1250,267
199,322
34,7
