lhs,rhs
2548,1651
1489,2048
1153,89
2446,743
806,2056
2341,1235
35,1456
3291,366
272,328
2745,777
1108,704
5662,1217
3538,745
319,1346
5034,1360
3178,565
726,1391
3890,2079
157,1603
258,1888
1253,2276
1173,1704
1256,280
485,1753
3493,193
5175,439
4594,833
6196,8
2601,2170
3443,217
2030,660
647,22002370
23,571
6507,2215
2215,1606
127,359
5631,1185
5555,1968
3891,1199
1451,574
5146,404
2748,1237
5716,1026
6022,570
3111,607
1733,2094
1825,1800
380,189
5915,333
1233,198
497,1374
3975,13202370
2329,2171
5363,2076
4409,1197
4385,1912370
4128,126
3461,1261
2810,922
1748,332
3742,978
3180,399
2779,614
1349,240
1332,704
31,1166
5717,1284
447,173
4439,936
1640,1037
5622,331
1320,814
985,1764
3177,882
3960,2206
6336,22002372
1359,333
3612,564
3232,1890
933,1752
395,1261
2395,598
86,454
1067,1110
2677,1462
5685,1071
5055,1956
5570,227
6494,2028
4128,126
3597,1356
2133,1311
960,2342
727,507
4383,969
1447,568
3338,1581
4510,173
2021,1342
4259,2131
3084,2241
4960,806
56,962
2684,2092
5172,226
1058,1825
3139,1417
1249,266
4547,15062372
3169,78
2337,532
1724,1907
455,592
401,17212371
3443,217
431,1833
193,1010
1737,1829
2185,2285
3741,2186
415,13682371
554,3762372
3631,1089
2617,20
5404,1155
1327,739
5024,593
1748,332
1222,851
1215,1121
3446,101
108,1771
3108,695
327,2033
3221,1454
30,418
343,400
1844,566
1683,150
2272,48
2361,1693
2376,1386
3558,346
2882,2356
5219,2083
3578,2038
4479,1725
4837,9962370
4484,1568
313,2290
405,1716
4239,1564
3877,2044
3244,1724
5029,1619
1150,919
2029,11922371
5949,205
571,1961
4959,160
3169,78
5396,304
2455,2080
465,1865
6350,1952
1988,1731
366,1658
821,1505
6177,1476
5031,55
3046,1955
10,1091
4164,1257
3769,518
2068,1380
1925,451
168,1088
984,1333
1472,2160
5968,1076
5093,1440
23,571
6572,1555
246,1248
4726,2133
500,2366
703,1487
318,410
4190,1250
1852,1743
5639,115
2096,2006
61,1792
135,2226
5211,1111
1620,2077
1373,814
669,1681
25,743
1916,702
7,1638
3895,914
4610,191
5947,443
1579,2351
1048,1830
4575,1167
3990,8232370
448,11422372
142,2325
1453,1573
5128,1925
687,40
2088,1854
2135,2353
2230,1732
2629,1691
1658,1703
904,854
1490,1339
5102,897
1548,1492
3,1859
5466,1549
2190,1568
2655,534
3229,2151
4268,929
5774,518
223,701
2963,875
3229,2151
2702,3552370
1639,366
1414,449
3569,529
1347,1679
1043,2175
1457,418
355,209
280,357
3222,1280
406,397
2963,875
1337,1617
1574,1287
3230,649
3399,1901
4407,251
2301,398
4421,629
2326,207
272,328
553,1026
4446,1318
70,1317
2609,1080
3389,585
69,2341
3164,596
5723,737
3052,766
3783,755
4314,1776
985,1764
660,858
4085,2145
4046,2063
2505,1931
2884,842
5314,351
1280,1514
3110,705
5053,2115
1568,2045
2060,678
690,1108
4682,944
1585,1623
5342,837
3947,302
2056,285
2583,326
1262,1789
3250,1494
4612,1346
5721,2039
1028,723
70,1317
1931,846
1078,387
1063,1796
3422,1211
255,1658
4343,821
3760,139
3830,1424
5240,1565
3363,969
3413,1537
6154,566
4063,1254
2201,1160
89,1065
6094,281
4335,477
2965,2189
1104,1484
2118,3502372
1027,1055
6595,594
4214,1546
1659,1241
1047,2127
102,1986
6054,2024
6328,547
2589,305
1780,781
1601,1240
5278,3902370
851,2055
829,832
4854,172
37,2311
3564,2131
4571,752
2393,1700
481,1888
2981,1121
2921,61
6523,276
971,175
3802,1316
3596,1394
2988,1354
1815,1804
5552,636
3666,1887
2248,968
2267,2192
310,1698
3972,852
3605,472371
396,2353
5802,225
6273,910
5134,1004
1846,495
6329,169
3801,476
2676,1651
7,16382372
5651,1387
2582,64
5222,1377
184,54
5909,1816
936,22722371
3448,1653
3080,2252
2069,1331
1556,261
5491,404
1254,518
430,349
1307,1090
3423,369
5381,2018
1026,535
606,1982
1077,1042
2798,688
1625,242
1297,1323
1139,1407
5567,2058
2160,2009
5330,1499
3087,1635
169,1619
1046,175
59,588
243,548
4979,921
3156,10182371
3526,1501
748,963
2412,2002
5407,792
5601,2281
5453,591
3610,14932371
563,364
6388,1422
5258,1276
5765,820
511,971
619,2382371
1548,1492
5821,318
1103,100
219,1788
5825,978
758,675
6270,2015
6361,1275
871,1304
1737,1829
3412,558
3836,2322
317,498
193,1010
2653,822
5841,1287
422,716
2221,506
2960,16852372
5454,4132371
5070,1779
6001,2180
3465,1026
3637,29
313,2290
3623,274
1790,2012
724,323
1656,392
2471,1913
194,23
1975,255
4380,477
434,1805
88,385
6545,1522
6639,573
6381,1754
3178,565
3842,2287
78,310
211,1139
626,456
1673,1164
2152,1133
3607,52
5128,1925
5320,2234
3353,2194
4665,2305
466,2362
3094,1369
1410,1279
1435,1332
1285,1296
4354,68
5346,1883
777,78
3541,2169
2284,2234
4474,2337
4658,153
132,1931
438,1618
5874,2032
2160,2009
3156,1018
6190,2346
3749,1164
1,1965
509,1227
4350,883
4838,1564
4758,975
5176,1386
3421,979
6059,1664
425,1127
245,741
4044,251
3586,2166
1778,772
4094,1414
6300,632
2906,268
5922,1978
4484,1568
1520,1033
35,1456
1377,2024
3590,1320
214,28
5068,1811
289,1365
2961,1023
4403,1228
3765,597
3751,462
3536,190
1328,18
2848,1210
1661,67
1678,48
3319,1194
324,440
80,77
5990,1045
5277,1940
4720,1778
3195,268
1567,231
2880,892
5547,2355
1469,5282370
2481,55
133,984
3620,1179
595,1843
1076,1511
785,2073
216,1292
2155,707
1797,2328
4757,708
900,2022
5319,2223
1921,1721
225,693
5666,1256
1027,1055
2842,10
139,659
3758,2230
2602,1020
93,1955
1074,1132
822,1123
3414,391
81,2269
2931,1668
3791,87
79,673
2046,1710
2985,17142370
2596,1031
5320,2234
1399,470
6245,1685
57,900
3598,1096
6424,1159
1491,2298
1477,263
5518,277
1842,68
1749,100
416,1458
4986,672
5929,2155
4387,1847
2489,47
4133,877
3441,1113
4887,2205
2422,158
5047,2236
14,610
3293,194
2317,699
1659,1241
2142,417
947,367
3280,73
3908,335
457,2032
823,1944
191,739
1442,1284
3687,1318
2626,1267
4222,659
869,439
761,1296
1543,1669
2102,137
4064,982
1594,806
3081,2243
5925,239
6071,11692372
611,446
3959,2091
2236,1386
4614,493
721,2297
724,323
58,1314
928,192
2738,1341
4822,230
2320,793
5774,518
200,11202372
2003,166
4606,1908
2365,523
1659,1241
5182,512
1829,1975
2418,1415
1054,1312
5201,2045
43,358
1333,2322
293,182
571,1961
433,2017
4881,1
6504,1162
6092,51
4830,898
1446,721
676,413
2658,1817
1857,1342
5719,2204
4543,169
1714,440
4257,379
533,1146
6231,2131
2570,1005
6357,2142
4544,687
1339,842
5189,1884
2830,545
1551,2285
4584,239
5517,1074
3848,1146
2120,2063
4642,2353
482,981
2168,169
5573,2321
3444,1816
4588,1579
6290,219
2592,2340
5259,2218
4385,191
3947,302
1650,1602
210,1239
6553,449
3149,2133
4329,1870
163,1403
1478,2293
5573,2321
5874,2032
2652,1166
1244,1060
5906,1910
4143,1956
6590,802
5078,604
3299,2101
1429,1240
2753,817
2397,2004
3705,1752
5750,581
3664,2219
1032,797
3649,560
1100,1882
4798,190
1876,228
366,1658
3446,101
3927,2245
4378,2219
4822,230
43,358
3143,619
4681,1400
1657,1882370
803,462
4400,99
1152,1348
2989,2038
5192,1856
3554,1399
5551,1520
699,15
3587,2319
1807,1580
937,1172
5427,6
647,2200
1307,1090
6586,1627
5340,614
3444,1816
2468,857
1951,1652
190,1919
6280,739
450,1266
4843,932
4154,11932370
1867,1480
569,404
16,22442371
103,18742370
5635,499
340,799
4305,617
5955,1445
2,1682
4839,1365
4308,465
2572,1359
4668,2061
2711,266
3,1859
181,829
349,1892
2264,1027
5151,1261
675,1636
106,2052
1950,119
1690,1013
584,1994
5133,1647
1215,1121
1162,1092370
2588,1595
5,2348
5167,2213
1427,2159
2617,20
46,1774
1910,1931
6353,815
6075,1424
5083,2354
4396,994
457,2032
5896,1224
1728,267
5927,1524
2475,2051
488,1748
4609,14242370
5059,1176
2099,987
1294,1334
6196,8
4581,2317
1671,169
1687,552370
199,2064
585,13372372
3869,1622
3888,2316
453,2340
5399,1147
6544,402
3046,1955
733,1969
5960,1207
5215,380
4380,477
6389,417
1062,1320
5815,1301
5620,1490
2013,1513
6553,449
1332,704
5219,20832370
2215,1606
839,858
5584,256
4045,198
3919,2167
1555,1423
3687,1318
1097,1256
2514,1988
4259,2131
5697,432
6549,1627
498,2155
1056,1478
3571,376
1190,28
158,15442370
343,400
6544,402
473,2120
861,1474
6327,1556
4619,20712370
3333,791
5170,1645
724,323
899,1485
5421,1991
3767,21392372
4265,156
1516,925
217,2290
766,818
4402,1812
5771,1932
1555,1423
2983,908
2512,946
6041,1180
1230,591
458,1182
3837,1894
554,376
968,1961
4365,793
589,2
3899,13402372
1554,558
4849,1667
342,2292
181,829
2527,1866
1379,66
609,477
2439,619
2161,1645
4608,343
796,1778
825,1333
864,375
4053,17242370
1026,535
4417,1730
938,263
1327,739
3220,968
1202,916
1517,1040
4874,994
2202,1070
4313,40
3914,2256
779,1620
2620,1828
1678,48
6031,103
982,1756
324,440
628,575
1733,2094
3899,1340
1207,119
4942,1624
2479,821
2873,1851
933,1752
5481,1887
4288,356
3230,649
2133,1311
5823,486
390,771
2444,74
5972,1289
3000,978
3152,1068
2694,702
5442,755
368,607
437,286
6570,1854
721,2297
2372,2199
3535,2147
3425,171
43,358
478,874
3153,325
3759,1432
3006,541
27,331
1064,2314
2865,373
6590,802
3375,1371
3452,1737
3927,2245
3900,2175
2413,1322
2710,1913
5068,1811
3675,1384
1299,1261
6368,2168
3511,1356
5302,279
3023,330
6056,168
4835,1012
5310,2325
4751,2225
6403,1723
1589,550
1838,322
60,1350
371,509
150,1373
5555,1968
683,1621
5938,1389
800,1100
341,1687
1562,19782370
184,54
1121,337
5536,1326
27,331
5790,2018
50,26
3355,408
4110,624
6631,1826
2393,1700
872,327
816,1735
3613,1967
3684,429
3556,1329
3695,747
4619,2071
3871,11
4281,2056
2495,2331
3139,1417
4209,1075
1956,1258
2994,408
6298,749
5766,868
2686,519
4222,659
4710,486
521,840
2195,28
1612,1359
4932,361
5267,908
889,393
2912,1177
3793,114
2112,269
396,2353
6294,2014
3075,2094
206,2081
4890,1272
4712,1113
4613,1890
5087,9232371
246,1248
4875,911
5677,2049
1715,1666
481,1888
2452,97
4032,18352370
5823,486
6156,322
3610,1493
5263,744
3558,346
4551,2013
1182,150
4869,1975
5676,229
734,1975
994,2028
4652,477
3659,314
2252,1336
2550,26
2430,496
434,1805
2824,2080
212,604
1483,2157
3083,1087
4661,665
5098,1049
1705,2009
1476,395
3924,1461
2431,1658
3348,991
6618,1692
456,248
362,1944
4608,343
169,1619
6611,556
4814,121
5576,2158
261,481
3544,2090
3389,585
658,1200
748,963
1464,1081
5368,2015
1871,432
2484,428
6084,2083
1107,2215
3928,731
2125,28
4947,1711
387,1907
1813,1165
264,408
1665,698
6282,794
2429,1345
4159,613
3154,1262
302,1300
3051,1510
800,1100
2483,2368
2565,425
6251,1172
52,1715
3795,132
3551,2214
6467,1560
3775,772
5256,125
2747,1417
3451,241
774,20
4135,1886
6161,355
4674,1837
141,1056
4068,958
533,1146
726,1391
1430,781
1603,1418
163,1403
1726,1945
3325,2182
555,1830
223,701
5813,2105
340,7992371
339,378
2843,217
4487,2358
4379,1013
3971,1502
1085,11912370
165,1827
23,571
1724,1907
448,1142
2957,612
943,1622
3831,2009
1010,19642371
2914,513
3148,1684
687,40
1630,1841
5827,2313
3708,706
236,2286
1070,541
5821,318
2378,1481
5151,1261
4862,1387
4034,1787
1347,1679
1650,1602
2588,15952372
4236,333
5659,1248
5240,1565
5087,923
799,2140
1832,1426
3064,2169
5368,2015
3939,709
1910,1931
3615,2296
6179,1371
4071,20
164,29
6303,1432
3676,1463
4843,932
499,125
1889,1446
1239,1396
4269,637
1677,447
4343,821
4954,2168
200,1120
1642,1599
452,1678
5019,706
1311,315
1087,644
6663,1794
3220,968
1940,2195
2434,346
6468,1898
4540,2233
618,552
2171,1865
6419,524
4236,333
3637,29
3580,225
328,829
3839,852
4790,2322
184,54
805,81
5054,1537
3674,1937
2369,1820
6523,276
898,1362
2230,1732
5147,1673
2029,1192
85,1439
1866,1713
150,1373
2412,2002
1881,1824
6364,1577
197,118
3236,213
2590,1764
5159,2278
1910,1931
48,1908
3554,13992371
6412,2125
4227,1136
2813,1092
582,212
4304,838
254,973
578,2182
1512,1018
2875,70
179,23352371
5763,1117
3336,11692371
1359,333
2234,1012
1409,150
3558,346
25,743
3871,11
1251,1153
2907,12
1593,890
5959,2167
496,1214
6314,586
940,7332370
1264,1034
4595,303
2159,811
4960,806
3414,3912370
3194,1234
1895,1832
1822,1390
308,983
2405,1546
0,1639
6074,619
1371,1893
5122,1076
2795,2158
1887,1611
4984,1072
222,1423
1042,136
2136,84
4543,169
3355,408
2764,1501
2681,2085
2747,1417
61,1792
5768,565
1980,91
6004,268
3510,2106
5469,532
3968,2084
1700,178
1928,2120
2098,114
4182,1153
2329,21712371
5130,2074
3611,1936
2055,2120
611,446
1137,2031
97,2284
5746,2334
5034,1360
2326,207
5386,232
33,1066
6320,2356
4262,1920
4134,1222
4152,280
641,604
5492,141
64,397
4482,454
4178,1486
4771,481
2005,53
419,680
4308,4652372
109,337
3390,276
1292,1559
4231,2099
847,1852371
5419,495
6561,1158
525,528
6229,349
5028,19732371
6336,2200
444,560
4178,1486
741,951
309,677
1689,326
3564,2131
1495,7382372
1813,11652371
953,500
3051,1510
2345,2168
3600,1245
1342,6942372
52,1715
3939,709
4981,236
2774,1973
2098,114
4709,659
3514,2162
822,1123
332,185
1505,33
965,205
3343,1893
4196,982
1624,1501
3673,1210
1020,637
5228,15
4098,7
4818,935
2390,581
2685,184
2668,1260
4428,1380
4408,2285
3144,291
2031,414
5803,1137
1792,1633
360,12602370
4648,2302
419,680
5576,2158
4986,672
2588,1595
1976,1414
2916,2275
4358,923
3111,607
2607,446
5234,482
1893,1929
523,1156
1692,1070
4379,1013
3135,942
4794,607
4701,299
5644,148
4031,1580
3176,42
3924,1461
3899,1340
619,238
2993,820
877,248
2185,2285
4532,2080
940,733
2029,1192
2409,1653
795,2201
692,2356
1503,540
4974,22371
5575,115
2584,1620
3958,57
3044,200
1010,1964
528,602
3682,759
5682,1264
5561,7782371
183,2306
3351,2272
916,11
2407,1060
5160,1609
2882,2356
6422,1691
3804,1637
3074,76
489,1330
4853,397
4395,357
673,370
4169,1352
561,1275
2232,1542
1125,1282
1021,1676
5667,17
1257,1749
1200,752
4062,1631
167,685
1119,1534
1375,1492
904,854
5017,2068
5612,1323
622,517
3430,1218
4720,1778
5493,1330
3573,2062
357,1127
129,1516
1496,1002
2194,492
1309,1469
1022,890
4346,1323
5147,1673
3968,2084
4968,202
87,1305
156,1400
4368,20662370
448,1142
1940,2195
445,2352
2099,987
2567,1546
1078,387
2021,1342
6148,32
5092,1022
4101,673
5400,188
5919,487
2729,623
2820,3002370
2071,673
5538,2246
1404,658
3657,724
1025,1362
3521,2121
443,1400
5794,643
77,1184
6293,1203
1224,189
830,1539
1303,18
1572,2231
881,485
617,1587
3117,1764
357,1127
999,973
4636,241
844,692
5538,2246
734,1975
307,1860
2130,565
6224,821
5432,1818
1283,1337
6487,1332
5661,2348
3716,775
2616,2310
6521,2344
2029,11922371
264,408
5865,1991
4806,867
5189,1884
4114,961
3655,264
5688,9752371
4896,1566
3073,2338
2148,296
341,1687
5107,78
2899,485
5771,1932
6011,479
1892,672
748,963
5664,935
5822,810
5559,670
470,792
2680,987
179,2335
4418,296
379,894
5802,225
2615,918
6386,6492372
3011,1014
1677,447
5050,1128
4436,765
219,1788
700,395
3446,1012370
6076,649
1049,2069
2636,2103
3237,917
6326,468
4527,2220
4850,998
4843,9322371
5198,1796
469,1059
1941,925
3318,2061
3673,1210
283,552
2472,853
586,1955
796,1778
437,286
572,293
749,417
3293,194
1216,1989
6492,455
1934,1831
478,874
3174,1789
188,2143
1969,882
6239,807
6042,1786
3365,1435
2358,445
1819,1309
914,1849
615,541
5061,529
126,1618
2177,1099
1866,1713
2271,457
310,1698
6013,1362
415,1368
4630,1736
5800,994
12,1976
4363,1035
4590,1999
1060,69
4342,540
1239,1396
2509,2038
146,1382
2529,1455
2080,414
4282,501
5458,1390
2891,1585
261,481
4475,430
1297,13232371
579,1030
456,248
3019,1107
2883,1365
357,1127
6302,805
1856,2097
5686,1630
2889,1190
2709,432
955,864
8,1410
2232,15422370
4974,2
6560,1166
5137,2254
5370,1915
2973,513
620,652
1029,486
5498,1196
804,484
2052,1130
4918,2032
4198,2174
6378,1720
1330,2080
6188,1780
4133,877
5196,952
6329,169
2665,1809
2337,532
5628,2275
1489,2048
166,1252
678,317
6199,565
1875,7862370
879,618
4145,1151
4016,979
6396,2187
5372,1088
3974,1786
4656,634
7,1638
733,1969
3985,142
3778,685
1603,1418
341,1687
2011,539
3461,12612371
3589,1978
510,1988
1848,1314
1008,2238
1020,637
63,2072
3299,2101
214,28
959,986
4537,735
5895,76
6331,2124
99,8152372
6644,1551
5954,373
4121,1351
4048,958
1595,313
1922,375
1702,1432
20,1676
478,874
2562,186
1460,1261
47,1793
443,1400
4094,1414
4947,1711
5828,2167
5480,248
758,675
4438,1972
5519,303
4568,543
3832,224
2582,64
1038,1048
1365,386
2284,2234
4478,619
4306,1943
6264,55
2295,283
2831,1114
2391,111
3527,6102372
408,1745
6617,38
819,1745
2697,2145
1912,828
4791,1587
3221,14542372
1432,452
1684,77
1716,1508
4063,1254
6306,94
863,1871
4599,73
1928,2120
6522,1830
1034,2189
453,2340
1035,1934
1823,1763
1632,2139
2185,2285
586,1955
3512,1742
4457,1094
3044,200
6156,322
548,2130
502,1103
2867,342
3592,2286
2323,2307
3946,181
175,664
5338,963
6043,1420
777,78
4663,439
3152,1068
5732,456
166,1252
5243,2042
922,121
2954,544
3074,76
4936,2264
407,1734
1338,1246
2643,1072
812,961
5862,1267
1428,2134
5430,1921
6317,2156
3826,797
5504,1022
71,744
2332,1921
96,564
3352,1055
4443,596
2182,1293
1521,1667
1281,211
503,2283
5210,349
2517,445
5260,445
3622,1535
432,967
3307,800
2772,473
6051,48
503,2283
3483,2262
6133,688
3458,117
1151,508
2341,1235
2153,1627
5625,894
1359,333
316,356
4232,1854
769,176
6125,628
2525,508
87,1305
3706,444
831,310
1045,919
2559,2138
4751,2225
2104,1440
2518,17922372
5616,1769
4215,1090
158,1544
3442,1103
6098,2251
3852,1577
3279,1545
2918,760
4168,2347
2713,2043
1601,1240
717,1885
6403,1723
532,338
2096,2006
5634,1226
5519,303
2319,1242
6001,2180
2684,2092
3777,833
835,2222
2796,8622370
5328,2113
324,440
2453,562
1423,377
5175,439
1028,723
2186,1889
3647,578
1018,2240
163,1403
5363,2076
329,480
2392,528
4636,241
1870,2105
637,19962372
2420,501
1898,2052
6041,1180
3316,406
2201,1160
4154,1193
3481,281
159,1396
1188,1462
5281,310
1034,2189
4301,1036
928,192
3550,487
3638,831
2110,1929
2576,1067
3714,942
2251,754
2297,450
2885,1390
4310,2151
1791,1652
1056,1478
25,743
1972,70
1567,231
1140,1885
2791,2089
2641,549
796,1778
2719,685
6607,1019
5384,807
4800,1698
341,1687
3917,1678
2154,827
1319,1123
1809,19
1045,919
801,1536
55,6792372
5267,908
1000,2240
467,334
3052,766
1983,1829
498,2155
3018,432
6153,2158
5610,849
568,622
2147,841
5318,201
950,37
3813,1614
5271,217
2820,300
4318,232
2008,456
614,2014
1740,1140
2113,2317
4014,2185
4011,1371
4540,2233
3593,604
4128,126
2188,16
1567,231
222,1423
6179,1371
526,2333
2014,1125
167,685
5332,1309
1122,1457
6591,723
6273,910
4715,1123
6129,1958
2769,1639
2930,2001
6439,177
1263,2273
3630,398
6141,1225
2345,2168
1597,571
321,1455
5156,1467
638,386
4270,1361
4842,846
4347,891
5359,1369
5140,1534
5338,963
338,43
2180,597
4531,953
4546,359
3727,2012
626,456
4547,1506
1519,508
3967,1015
494,1725
4176,2199
3139,1417
1762,1363
1488,1784
676,4132372
2226,568
3224,134
1,19652370
91,1904
5419,4952371
3902,1446
4703,1016
1386,7
5640,2117
1507,2236
5145,1066
4190,1250
5081,589
1541,593
4748,1538
3018,432
3342,19272371
6054,2024
3821,471
1012,1813
4381,1642
3656,1248
247,2311
4602,1941
1633,564
5296,1767
4,1277
3404,906
1954,1732
2527,1866
4761,1158
3464,1326
306,18882370
920,54
5115,1308
4745,3942370
4401,784
3124,2251
263,969
2594,966
5702,123
1251,1153
5692,533
2576,1067
1993,93
381,182
40,1383
3099,68
1843,2156
4004,1246
6625,924
1338,1246
3172,699
2784,1094
2566,2043
6380,915
5228,15
529,363
4685,904
1129,1807
549,208
191,739
344,1262371
1142,2294
141,1056
2463,2256
6612,1981
6483,163
1910,1931
4948,1366
2262,491
2406,124
3306,951
1299,1261
132,19312370
4610,191
856,7172370
3509,2042
1535,1913
1186,1726
9,900
2522,1541
2032,1626
41,1367
147,613
1066,1183
2656,2045
2469,481
1544,1721
212,6042372
4017,1722
1226,1684
4589,2182
3750,2041
1831,306
2026,988
1147,1140
3306,951
29,919
1203,1972
1366,789
4737,46
492,515
731,1922
6206,983
2571,1042
5582,1013
6391,464
5120,777
747,648
65,1330
5648,2362
3599,449
3584,2119
14,6102372
1952,2135
5251,2152
4708,2051
4846,300
1784,1679
5799,2218
2057,1573
5338,963
5906,1910
5552,636
1376,2243
3939,709
5763,1117
4632,348
3215,1624
2225,1583
1286,1843
4207,1561
4481,1480
2527,1866
297,1437
663,2142
532,338
5284,36
2525,508
394,790
3763,395
5890,1079
5742,1242
404,1930
2796,862
3033,1623
5011,1114
4848,1847
312,35
4782,1648
4797,1306
4282,501
3538,7452370
92,1274
1732,1646
4346,1323
5616,1769
4323,1781
4004,1246
4575,1167
149,1195
6545,1522
2481,552370
1913,656
2177,1099
381,182
3856,1657
6653,1834
143,1225
1292,1559
76,1107
2601,2170
275,692
3878,1898
4224,700
1879,704
178,656
2934,2156
713,1401
1464,1081
2412,2002
2979,822
569,404
5490,1902
3636,1395
4848,1847
2364,310
5994,1783
3772,744
3484,1515
6022,570
3565,1667
3109,1587
6071,1169
2550,26
205,574
5863,632
2709,432
719,1167
3694,341
5794,643
6011,479
5729,1699
567,61
1383,2277
3007,2248
2685,1842370
3588,16812371
750,683
1162,109
3343,1893
947,367
6262,998
730,57
3,1859
5479,1758
463,1503
357,1127
26,928
1229,9002372
2066,348
5130,2074
3501,671
1504,560
4719,19972371
5924,982
5299,892
3688,627
1728,267
496,1214
3911,2121
4360,305
1318,162
4689,1296
2236,1386
2567,1546
6616,981
1115,2155
1542,855
3460,262
3310,1891
5018,1968
855,2004
546,13902372
2847,240
968,1961
4025,2332
1386,7
540,529
1840,655
1866,17132370
3594,1988
1079,1039
3823,1089
3047,165
3355,408
5990,1045
6466,121
1584,199
4071,20
5240,15652371
4850,998
4958,1
4379,1013
1959,1571
2150,52
3563,195
211,1139
5246,449
3487,2150
1748,332
1081,890
2416,2264
1987,581
1775,1484
4300,377
4490,1035
2555,1639
2215,1606
267,1627
4953,1934
1383,2277
4000,532
2501,17702372
3876,1088
5743,1647
1298,629
1996,93
570,785
287,308
3321,232
5716,1026
21,1806
4796,310
196,98
828,1024
1863,72
1980,91
3387,594
1410,1279
4478,619
2703,1586
1583,247
249,6952371
742,73
761,1296
2113,2317
262,283
103,1874
2784,1094
1825,1800
5625,894
224,75
4366,249
4718,356
6090,832
3840,1047
3395,832
3781,940
1586,190
4745,394
4240,873
6437,170
362,1944
982,1756
3029,2241
2294,602
4740,2218
4470,2031
2470,2331
4170,2136
2913,116
4709,659
1839,997
1345,1654
491,1368
566,1616
652,754
690,1108
983,2232
14,610
2019,4212370
5329,2222
2928,1545
1938,756
3974,1786
3466,1123
3898,410
2978,531
2503,1943
3828,2339
5918,1531
60,13502371
1755,42
3177,882
5799,2218
5113,573
220,286
2175,1982
1500,52
147,613
3346,2238
4205,1798
4211,9822371
2207,1070
599,281
2348,1644
369,247
2490,1369
1915,651
647,2200
2529,1455
4258,1949
3810,105
4417,1730
246,1248
2256,23392370
3609,2321
2096,2006
2864,1775
4338,661
5662,12172372
957,1411
1331,1747
1013,1850
900,2022
2016,1371
5106,414
306,1888
5041,1351
5935,2323
2833,1692
3791,87
1306,1073
2215,1606
3690,1949
4322,18252370
4566,463
2632,614
4564,589
1244,1060
2307,691
336,99
516,1445
133,984
3285,2302
6539,2027
2058,790
514,1490
4740,2218
5362,2143
348,661
5659,1248
6521,2344
2859,1231
1635,2060
2988,1354
4403,1228
6275,951
1383,2277
125,461
4716,307
2956,10452371
2184,1183
2475,2051
4335,477
477,78
2997,20292372
6167,1207
436,378
3456,1026
2191,2280
778,617
295,2265
228,2316
6600,351
1499,495
1222,851
1984,517
2313,78
2030,660
1362,1334
2231,2154
3178,565
935,1593
624,1490
4300,377
1997,618
0,1639
6122,2088
2677,1462
4089,2012
3407,1751
2,1682
15,11992370
1762,1363
4672,1971
3852,1577
302,1300
5732,456
2020,908
6159,669
2134,2025
1679,1222
6296,1790
1060,69
45,12
1084,1580
1917,849
4405,759
4810,2253
1614,382
3919,2167
4115,2084
1956,1258
515,262
3115,687
1778,772
6226,798
282,1555
1137,2031
4790,2322
2823,823
1250,1299
4794,607
1413,2166
1696,1400
4373,2288
6085,1727
267,1627
6411,1153
3401,1440
939,1215
1631,2173
1334,143
1164,128
1073,1540
4079,2080
5093,1440
3215,1624
2975,1677
266,312
6378,1720
3896,1201
3176,42
4269,637
1431,2197
5725,144
1718,531
4765,398
2332,1921
4414,518
3085,1679
788,1255
4676,1234
2108,1910
942,2244
695,2118
623,121
4662,1149
774,20
3619,2258
2906,268
476,795
3131,117
3515,436
993,316
972,852
5891,691
5636,2271
2618,549
2602,1020
6382,1346
4300,377
2392,528
2050,542
2122,2094
3194,1234
1005,1502
246,1248
2483,2368
1385,320
324,440
4672,1971
5562,2212
1146,255
243,548
5878,2004
852,1705
1957,2285
3108,6952372
111,1285
6103,1762
840,1579
4571,752
288,741
1776,205
766,818
1532,1909
3749,1164
4642,2353
1935,1494
2728,1464
3718,17462371
3884,2242
3509,2042
1402,199
3017,239
3015,2335
3638,831
639,1015
4118,2189
1604,2059
1489,2048
1585,1623
46,1774
6562,1225
4879,853
4288,356
3374,138
451,402
6162,1442
5454,413
17,1971
1779,504
2403,333
129,1516
210,1239
5252,694
3199,1584
980,964
5702,123
5192,1856
596,2075
946,1780
865,1892
60,1350
1184,110
3260,652371
1946,2296
438,1618
2993,820
3272,222
6041,1180
135,2226
2150,52
2511,11762371
570,785
4567,434
2051,1937
3516,107
4204,48
3553,2036
1274,1683
2021,1342
1933,61
391,262
1558,1530
649,2293
3044,200
1290,2141
2447,2178
857,2017
5599,462
1802,128
1169,1651
2424,285
1366,789
237,552
2064,1288
2264,1027
4365,793
2519,1798
6190,23462370
1302,1224
1892,672
2160,2009
6663,1794
1883,1100
701,1484
3,1859
4050,1650
2588,1595
1922,375
2421,1504
2809,1758
4303,8812370
374,264
6139,2207
3333,791
1393,845
5326,1416
12,1976
4407,251
1962,1771
3142,101
1752,1470
4893,342
4110,624
5592,1090
1260,1673
6384,372
2701,1122
1948,941
4167,433
3983,1446
1439,228
1164,128
396,2353
455,592
6529,1420
1530,221
3140,1004
354,1802
3078,677
939,1215
270,510
2177,1099
5188,1084
2329,2171
2544,2129
3325,2182
5503,941
1107,2215
3816,16392370
1760,1209
3816,1639
4379,1013
993,316
1449,765
3305,1162
6602,1342
6455,1644
313,2290
1975,255
6449,580
4713,1051
675,1636
1280,1514
6300,632
4107,1366
2096,2006
1248,17922372
169,1619
5026,725
5776,689
1547,64
3916,2324
255,1658
715,614
4131,1990
1554,558
2956,1045
1931,846
3023,330
1631,2173
3080,2252
6274,2018
3318,20612371
495,2121
6150,859
2088,1854
6614,1627
1903,393
1402,199
5403,1776
3865,1193
3983,1446
236,2286
3582,2058
505,625
4473,713
224,75
1601,1240
2867,342
6260,1958
1417,664
5931,654
102,1986
5516,1327
2389,397
2618,549
3758,2230
222,1423
3718,1746
2728,1464
466,2362
1691,481
3125,1651
2588,1595
4579,386
593,3362372
988,76
1636,2145
2118,350
2609,1080
1977,1106
997,1575
302,1300
2271,457
4746,2094
5026,725
450,1266
533,1146
1930,1587
876,2343
5814,1021
6468,1898
1814,1721
1255,1503
5526,1123
2099,987
978,1180
5517,1074
6369,18512371
1520,1033
2082,1689
5862,1267
630,139
1934,1831
782,1708
5718,1796
218,972
2839,483
5367,2102
6121,1433
4066,1351
343,400
4186,1363
910,405
647,22002370
689,1621
3498,1577
261,481
5330,14992371
3889,1608
3333,791
1376,2243
2975,1677
2810,922
1883,1100
3359,1476
6259,2189
2274,901
490,2079
723,853
1533,219
2556,20442370
1809,19
1544,1721
1849,1182
5425,14112370
5186,7842370
332,185
5081,589
129,1516
472,189
3353,2194
4906,1182
1153,89
2297,450
4527,2220
1357,19852372
467,334
2514,1988
2957,612
6225,688
770,498
4467,1712
2702,355
832,1579
4163,1907
4093,947
5577,4452370
6026,288
29,919
6283,772
982,1756
346,1648
6040,2216
3697,389
1436,65
655,1557
1850,2234
3414,391
6420,980
42,1736
3919,2167
588,1830
3092,971
1849,1182
4398,891
4385,191
1425,1389
4006,2021
4947,1711
4439,936
804,484
2962,1405
4886,2280
353,463
867,435
504,1736
5214,944
1429,1240
581,755
1190,28
1301,1934
899,1485
75,2000
3994,2040
5606,778
3923,590
1313,1271
3719,1312
1225,65
6067,2228
949,1038
6402,1241
1820,225
673,370
1196,655
4677,1737
4260,2232
3,1859
1938,756
225,693
777,78
560,782
1144,1215
2749,1460
956,2210
289,13652370
5865,19912372
528,602
6581,313
541,40
4172,735
2206,1008
4347,891
4332,96
6386,649
5660,710
376,845
1903,393
97,2284
3,1859
6595,594
2631,970
519,436
2547,731
4162,563
2503,1943
1778,772
459,537
2386,1376
5286,2100
3528,916
1287,2174
55,679
1850,2234
5178,1723
578,21822372
1887,1611
2932,71
5995,1451
441,1243
2809,1758
5290,79
417,1099
728,409
6083,1988
6612,1981
2298,1791
606,1982
491,1368
884,1294
6334,1858
2186,1889
4885,924
303,2247
877,248
24,1878
1973,1116
1493,1059
3796,506
6247,706
151,1712
3768,100
4918,2032
4545,1493
3297,2097
1130,880
4269,637
908,1688
1872,1309
1631,2173
459,537
3605,47
6490,271
2271,457
2671,1359
5781,477
5872,145
895,2078
5123,196
6125,628
934,7
2891,1585
1845,1611
3956,958
1785,1185
4247,1359
824,591
2090,1436
54,700
1315,153
3856,1657
943,1622
179,2335
3390,276
2854,1281
981,1448
3796,506
3344,1270
2552,1293
2726,1275
2136,842372
5671,1167
3205,15822372
2477,997
4588,1579
4476,1649
1396,1350
4741,1537
4604,1850
2259,1315
4569,2281
3931,2108
1399,470
460,2249
2058,790
6556,1373
2583,326
4119,732
1710,1742372
1975,255
1993,93
2050,542
1036,2095
4545,1493
696,1408
4416,82
3895,914
1011,885
23,571
4742,1983
5175,439
924,1287
2625,223
6550,2128
6128,1427
5882,519
1691,481
4261,1934
3443,217
5225,1520
2535,1491
5908,1502
289,1365
5688,975
1082,1390
2613,128
491,1368
5943,2261
3128,1597
4166,2068
115,592
1184,110
156,1400
5638,1171
4366,249
531,1682
3170,1725
3446,1012372
1295,1920
4354,682371
4089,2012
2649,1286
321,1455
1874,1607
1233,198
3445,1937
2066,348
3119,1823
1747,552
2635,798
6550,2128
333,1265
3714,942
101,2257
5774,518
386,1473
3628,1713
2367,491
1240,978
310,1698
2778,430
3222,1280
1251,1153
3678,2128
2251,754
6519,66
820,2198
340,799
361,189
4294,2214
784,1061
3599,449
1219,884
3898,410
1888,924
2,1682
272,328
249,695
5389,372372
549,208
6651,935
3258,954
263,969
3787,663
2250,890
6639,573
402,56
34,286
3240,10
6571,1697
6175,22652371
6041,1180
351,843
4505,2226
3293,194
4240,873
545,1514
4115,2084
5181,2284
3226,2276
2192,1242
5311,905
132,1931
5245,1172
5014,952
3966,1034
1133,1535
4870,205
3564,2131
4565,2131
3159,63
4177,2072
3199,1584
1963,1980
1688,1357
3261,1136
844,692
2662,1326
4450,2287
1044,1796
6079,885
376,845
5975,2235
1433,878
102,1986
560,782
2223,1618
1978,758
3715,1632
4787,1342
3395,832
5189,1884
1942,633
1980,91
5503,941
2536,1020
4217,491
4121,1351
2024,96
6396,2187
3391,1692
69,2341
1532,1909
4743,1319
115,592
1441,720
851,2055
4861,258
4340,705
5962,521
1761,2003
2729,623
1371,1893
5374,411
1471,1154
3580,225
2784,1094
5320,2234
1000,2240
3691,271
1689,326
3587,23192370
4045,198
1233,198
4494,1582
2472,853
3019,1107
2161,16452370
2051,1937
4741,1537
5946,1730
691,2139
5322,213
1321,1481
2428,416
3074,76
4491,1704
5438,2183
1,19652371
464,1436
2535,1491
3534,677
2429,1345
5638,1171
1491,2298
3796,506
4897,192
4232,1854
161,2344
518,1755
3683,2307
6209,2332
1657,188
1193,2003
3262,568
209,834
488,1748
2822,2075
2000,1035
2044,11912370
130,970
1282,1949
2007,1696
4907,456
2707,295
3271,1472
3058,1572
1149,992
4225,871
2472,853
4604,1850
1857,1342
3978,1115
453,2340
1485,717
4699,921
120,1321
4757,708
4812,1652
1683,150
3767,2139
774,20
1231,1948
4356,1391
448,1142
5677,2049
3530,201
1437,2317
3360,302
1201,749
4564,589
651,1838
2677,1462
723,853
5902,12
424,112
5728,1698
4032,1835
742,73
2549,1182
4682,944
1533,219
1292,15592372
604,1251
3430,1218
3599,449
3202,1773
3392,201
3974,1786
3658,332
4494,1582
4369,762
3310,1891
2040,1863
5290,79
569,404
4121,1351
2249,1312
1604,2059
11,1708
2020,908
1222,851
3180,399
4914,10372372
69,2341
235,515
6426,438
6485,1137
3281,1617
2503,1943
1881,1824
1656,392
1875,786
1612,1359
5755,839
6046,194
4716,307
2618,549
4696,455
805,81
4159,613
1586,190
1479,742
5824,1397
5482,1510
2393,1700
3301,1387
164,29
2170,2054
6362,1114
6531,148
3407,1751
6159,669
4367,1953
5503,941
4466,63
709,1812
1787,1685
5236,518
5283,864
536,286
5127,1531
1961,2312
1391,1683
1697,1742
6198,1485
4794,607
6482,681
2861,2109
6154,566
4711,1946
5358,13662372
800,1100
1377,2024
4725,68
4679,1301
2032,1626
4078,998
5807,800
4197,1880
1127,579
958,415
2510,1138
4692,1054
2056,285
2990,1404
4554,1342
4739,2098
2089,1488
4007,327
1796,1208
5318,2012370
4108,264
947,3672372
3648,864
2941,200
2180,597
315,266
3036,2064
1835,1321
3092,971
6204,805
6266,1540
3038,1780
6383,1179
2491,320
1309,1469
5357,627
1750,1680
1052,2282
113,1152
4231,2099
3090,1469
4882,1733
5767,1608
3382,1585
171,478
3412,558
3312,613
2438,1663
2161,1645
952,1857
5786,1326
1055,1988
2948,1845
2446,743
4730,873
3304,227
5731,1046
3712,1732
2262,491
2202,1070
3368,2103
1949,804
4197,1880
907,403
2090,1436
1821,1398
6659,2039
2369,1820
2438,16632371
3697,389
2127,847
5281,310
1825,1800
6520,949
565,1868
5697,432
6188,1780
5419,495
885,761
1538,520
3235,814
1636,2145
1334,143
366,1658
2805,152
255,1658
2662,1326
3103,1189
635,242
222,1423
1989,2231
5053,2115
1468,2227
1909,1772
1226,1684
2230,1732
4624,619
2626,1267
6201,126
6561,1158
5314,351
170,315
940,733
2221,506
4168,2347
354,1802
5079,39
6194,1508
2198,12982370
6013,1362
364,9422372
663,2142
1088,1070
1564,451
493,1665
506,1164
5425,1411
2493,294
198,1648
1854,1589
296,997
4323,1781
715,614
101,2257
1106,1727
2507,796
119,1231
317,498
2495,2331
4634,346
3237,917
1313,1271
962,1997
293,182
5590,1977
2407,1060
1504,560
2264,1027
5949,205
316,356
4937,83
1373,814
4142,1307
2671,1359
1645,2331
6440,1714
3216,1983
1012,1813
496,1214
5963,2082
1185,1225
5646,1143
1802,128
3610,1493
2886,426
357,1127
1777,146
243,548
2023,107
4222,659
2305,2232
1839,997
3963,1732
1962,1771
1454,865
1927,186
230,107
5783,1280
3370,1901
413,273
996,1073
2340,2249
1894,1807
3552,145
4973,2056
151,1712
3181,1736
4157,786
1283,1337
3523,1630
2417,1081
4690,1817
2756,664
2276,714
141,1056
3765,597
6554,2234
1507,2236
160,542
1823,1763
6496,1716
46,1774
2012,619
1219,884
4190,1250
4892,1411
4602,1941
4066,1351
2060,678
1596,695
2035,444
3935,1333
3985,142
2367,491
390,771
3461,1261
2531,859
2468,857
2344,1725
983,2232
385,931
4361,1162
3105,414
6162,1442
225,693
5515,593
6219,2032
2765,2022
979,152
2503,1943
777,78
2486,780
5209,273
5862,1267
1910,1931
585,1337
4026,1765
354,1802
266,312
894,293
5772,1925
2456,2369
111,1285
1256,280
5366,949
4654,832
4567,434
1116,263
178,656
1149,992
2688,381
6215,2132
731,1922
5278,390
364,942
185,1186
3750,2041
1328,18
4935,1482
5007,1461
5917,23352372
2179,1839
2192,1242
5282,2333
5430,1921
1592,25
5353,44
892,1019
2640,1755
489,1330
11,1708
486,372
1604,2059
952,1857
1354,1023
3832,224
1211,1709
817,1615
6053,508
510,1988
988,76
6206,983
5105,57
3736,846
3723,1933
3829,354
534,767
4167,433
4627,1412
4211,982
4128,126
3686,2358
5270,1070
4485,1123
5113,5732370
4440,2039
2717,582370
4997,833
3741,2186
1294,1334
3219,759
1406,623
4303,881
2404,494
6342,1783
105,695
3643,2172
5125,300
3891,1199
372,2364
1405,1499
5196,952
6438,621
993,316
4498,597
2722,833
783,592
1481,1961
890,2322
5304,527
864,375
1163,271
3249,1249
3663,627
5426,412
1832,14262370
608,1653
543,2036
5032,1325
4205,1798
995,526
1464,1081
6324,1597
1377,2024
1880,1564
3981,680
2548,1651
3452,1737
6567,652
569,404
3054,549
1288,57
4877,2044
2438,1663
662,352
4849,1667
996,1073
3217,601
4905,2336
1023,10902371
3862,1836
5432,1818
394,790
2073,116
2032,1626
3119,18232372
1888,924
293,182
5534,1266
1309,1469
540,529
401,1721
1199,517
2671,1359
2462,2112
434,1805
3903,1701
1167,1534
1494,825
3061,1341
2063,387
2078,1542
1741,1559
5767,1608
3945,2009
1069,782
5750,581
3217,601
5663,2012
1299,1261
1161,240
133,984
4205,1798
1081,890
5541,2275
5247,966
1899,392
6213,1147
2492,382
1076,1511
4288,356
4128,126
4263,115
2496,1152
2780,3
2771,1173
2262,491
2835,48
5070,1779
4402,1812
4914,1037
4207,1561
4393,726
2917,4502371
6214,958
4161,19
2019,421
4906,1182
815,1221
4337,1244
195,2256
4737,46
2618,549
4916,1311
486,372
1297,1323
2729,623
2292,1000
2298,1791
445,2352
1111,445
5393,1487
2439,619
676,413
7,1638
715,614
1858,160
2732,1918
1560,1143
3084,2241
770,498
5958,2195
6519,662371
6294,2014
6425,1161
1973,1116
4009,10512370
2,16822370
2225,1583
827,1512
9,9002370
3768,100
5024,593
4139,2237
2179,1839
1297,1323
2393,1700
3843,1502371
4707,1055
705,767
435,902
3625,631
3107,1035
846,2166
1818,1148
333,1265
1466,1574
1240,978
5518,277
572,293
2843,217
4231,2099
2403,333
772,549
5643,1436
2817,1722
5269,1974
231,673
2076,340
2970,704
3982,1633
2928,1545
4581,2317
4263,115
2964,1821
5298,2056
4770,1125
1763,494
1082,1390
4243,1482
30,418
4246,1913
2336,876
10,1091
816,1735
27,331
2834,2047
5035,2093
2291,212
833,335
213,148
5815,1301
6027,1212
379,894
2221,506
2767,1676
4665,2305
3126,517
1890,596
2712,1003
3464,1326
1564,451
3029,2241
5498,1196
3704,422
1015,1222
24,1878
2411,1853
6653,1834
465,1865
1692,1070
1567,231
1911,1041
1928,2120
601,184
1460,1261
6338,773
4748,1538
582,212
3482,641
6239,807
5976,6
5695,853
2601,2170
101,2257
1386,7
72,1616
4975,1067
4100,2072
4065,1394
1044,1796
3346,2238
4656,634
1199,517
721,2297
2438,1663
2976,683
435,902
3186,1116
231,673
4415,1212
6573,293
4020,1774
510,1988
4654,832
3598,1096
3276,21802370
596,20752371
1492,2005
2879,1170
5993,625
572,293
470,792
2395,598
870,1681
3915,13
762,1025
4489,407
1083,432
3601,1450
5545,2363
4653,896
3110,705
6515,2236
695,2118
4876,1602
1624,1501
523,1156
490,2079
6608,821
3803,72
2721,437
2973,513
271,1746
4260,2232
2912,1177
1599,1463
5266,2174
6301,1642
4170,2136
6281,361
1344,1726
3578,2038
5953,1829
1432,452
1995,1742
2780,3
2612,1366
2635,798
1383,2277
4994,46
1448,1655
5327,8992372
477,78
783,5922371
4412,875
3888,2316
2757,2020
404,1930
615,541
24,1878
2721,437
917,1462
3962,1349
3044,200
2184,1183
1704,944
5671,1167
1491,2298
5513,1430
3590,1320
39,1488
3314,311
3965,1426
2158,1071
4687,729
770,498
1974,254
4327,1520
5454,413
3288,175
3317,2079
2602,1020
1641,1926
820,2198
1130,880
6349,1341
2378,1481
570,785
457,2032
5351,21192370
868,1270
795,2201
4788,1209
2184,1183
1100,1882
3040,545
5090,1997
60,1350
5149,373
1205,865
3715,1632
1482,538
1272,587
1990,2279
1040,2162
2688,381
601,184
1486,394
3069,1962
3668,660
1061,1410
5943,2261
2020,908
2401,914
5943,2261
3221,1454
3170,1725
921,502
5972,1289
2668,1260
4775,11932372
4580,1520
2660,1395
1000,2240
2285,563
1102,789
4575,1167
3438,1268
16,2244
5722,384
2010,1084
36,617
5155,22272372
3178,565
1073,1540
658,1200
786,1240
900,2022
1246,2007
4900,279
2955,1343
4878,1889
408,1745
3186,1116
4065,1394
3523,1630
3690,19492371
1886,1360
25,743
5120,777
3700,16662370
1077,1042
2949,563
3744,865
2978,531
5819,1719
3135,942
5729,1699
5389,37
3996,324
3193,342370
3846,657
5130,2074
4358,923
3617,834
1609,2111
5914,1700
328,829
1114,346
1020,637
4278,2097
4001,2247
3136,1482
5773,2111
183,2306
4981,236
362,1944
1020,637
5657,65
6080,1681
5653,904
1081,890
4777,2126
3108,695
1050,1386
2807,1107
4619,2071
5118,1794
5147,1673
3186,1116
3504,284
1813,1165
5230,2126
2172,389
47,1793
804,484
3460,262
1604,2059
2141,2005
2510,1138
1102,789
811,1877
764,1404
6137,1676
5835,1479
922,121
56,962
5430,1921
5431,2064
551,2308
3170,1725
1332,704
6291,390
629,1044
5448,817
6602,1342
6580,1808
2914,513
4631,172
3776,376
3521,2121
4411,1981
2061,250
338,43
1329,1932
1172,465
4760,2242
1792,1633
2609,1080
594,2356
1391,1683
2611,1872
4292,325
4873,909
558,1767
1043,2175
6392,727
2104,1440
333,1265
269,1141
6155,795
2517,445
6348,1784
2481,55
2026,988
1263,2273
2018,794
4985,533
1107,2215
669,1681
4007,327
5532,526
4679,1301
3208,1572
5433,688
1596,695
1788,219
1313,1271
3964,844
3505,77
530,1299
4107,13662370
1497,131
2950,1806
4965,1435
2917,450
5713,2173
4990,2322
2711,266
567,61
407,1734
493,16652372
2469,481
26,928
3002,518
2619,1091
2872,2086
6597,920
265,562
2756,664
5176,1386
2988,1354
5993,625
2435,1316
4193,1328
5531,656
2968,776
3961,694
2835,48
3017,239
2380,742
236,2286
2786,1254
2978,531
1033,2194
1916,702
1403,1959
5866,730
183,2306
1775,1484
4702,466
5845,1122
1878,2014
4794,607
1464,1081
2609,1080
632,1547
5286,2100
1213,1412
4956,2225
2333,154
1165,904
6370,2211
2138,1816
2429,1345
325,1841
5929,2155
1016,502
1036,2095
4009,1051
4060,1231
98,779
545,1514
5791,1049
3724,456
4381,1642
6560,1166
544,1699
4549,1292
4380,477
1386,7
2027,1556
4212,479
3733,601
1133,1535
3423,369
3072,1728
114,1519
4846,300
1657,188
4858,98
6380,915
510,1988
1341,1524
4584,239
5911,1485
5596,1238
1623,826
4782,1648
2213,846
4450,2287
4135,1886
1203,1972
968,1961
477,78
2203,1447
3179,1794
5214,944
961,1708
4368,2066
213,148
843,1574
1984,5172371
5157,2085
5377,1861
3291,366
4627,1412
1925,451
4558,1854
3540,1936
2863,1515
1405,1499
3392,2012370
5404,1155
364,942
1412,451
5996,774
4244,693
1517,1040
1727,26
727,507
1753,172
6410,924
177,132
2388,1863
2677,1462
1967,2041
2487,661
3397,1543
2401,914
1036,2095
238,1891
294,1417
738,419
4329,1870
3664,2219
2440,1144
4272,698
3121,938
4842,846
2050,542
5367,2102
2365,523
1716,1508
4725,68
3714,942
880,2072
20,1676
3662,1025
1653,1383
4932,361
3387,594
1246,2007
3544,20902370
5235,203
4176,2199
277,15102372
1015,1222
354,1802
14,610
2643,1072
5526,1123
1371,1893
625,1757
6510,672
3774,682
512,2093
3708,706
4970,742
1534,1079
5743,1647
675,1636
1633,564
1685,1310
2913,116
5376,613
79,673
1527,197
1170,2281
3630,398
1918,1759
2969,1572
1794,888
5097,601
3569,529
4300,377
5403,1776
2014,1125
6265,398
5740,2348
6271,802
2853,726
1898,2052
191,739
3980,509
5887,1888
5315,1871
4943,795
5096,2288
2490,1369
5871,663
712,1789
2659,875
347,2237
2406,124
3100,2315
5227,1695
725,1982
92,1274
3207,7372371
3056,793
4844,942
2787,1405
730,57
582,212
5235,203
43,358
4151,2258
1189,726
4092,1416
3841,1521
1497,131
1317,431
286,1210
6336,2200
2945,1365
86,454
2510,1138
1767,460
6232,2137
235,515
6630,1932372
2367,491
3532,813
2256,2339
3699,438
223,701
2269,690
5139,333
3128,1597
1899,392
127,359
3838,607
963,504
3862,1836
872,327
394,790
618,552
6185,2118
2628,677
2194,492
4618,2199
2975,1677
5187,1574
5711,1095
5224,2081
527,1311
2607,446
4604,1850
1848,1314
5817,1836
5174,742
3758,2230
712,1789
821,1505
213,148
1360,1534
348,661
3400,945
504,1736
2042,764
69,2341
489,1330
6207,137
4162,563
2859,1231
5615,1259
3170,1725
3696,1305
4452,1685
3502,2297
4086,483
4345,2086
4038,588
1076,1511
4813,1218
3933,1407
3587,2319
4232,1854
2381,160
4167,4332371
1520,1033
2470,2331
6538,2259
749,417
332,185
3742,978
4520,1704
3331,1612
2946,1465
1972,70
5408,1626
616,1045
75,2000
1030,1568
3051,1510
5975,2235
1059,2176
5858,789
1300,312
5318,201
2470,2331
92,1274
4114,961
5448,817
3656,1248
6597,920
2654,792
4034,1787
1227,1997
4085,2145
6658,1484
4329,1870
438,1618
1312,2286
1384,498
6033,1168
3761,1189
1686,1054
1454,865
2721,437
5903,132
1781,1589
6665,1649
3195,268
882,2064
5612,1323
3387,594
3419,935
3285,2302
5705,369
5932,1002
2268,1294
1015,1222
2858,873
3137,1348
5089,565
1478,2293
2129,683
435,902
1829,1975
892,1019
5799,2218
1573,19272371
6316,2369
4170,2136
424,112
1923,516
5739,1538
1877,2322
4734,1693
543,2036
4474,2337
6303,1432
3874,1155
596,2075
2910,668
4434,1595
6130,776
863,1871
1396,1350
3928,731
2849,1852
5692,533
287,308
914,1849
915,218
3161,1808
372,2364
387,1907
3438,1268
3285,2302
1096,651
5480,248
375,8002371
4337,1244
3639,896
354,18022372
6026,288
4954,2168
4900,279
2720,671
2245,945
2797,910
1518,1739
2628,677
1426,1145
6626,1832
114,1519
54,700
3588,1681
2624,1430
3788,1854
2221,506
5029,1619
57,900
1117,1929
6061,300
775,2082
5589,1563
174,2100
44,208
4163,1907
4125,1871
503,2283
83,1786
1515,1262
2569,1047
846,2166
809,112
4892,1411
3579,1168
1395,951
316,356
996,1073
1125,1282
788,1255
2716,1792
1668,144
3201,1571
4720,1778
3029,2241
178,656
4736,964
3905,839
4300,377
167,685
5264,429
5832,485
4792,2330
3512,1742
1229,900
4931,1101
5870,13012370
702,715
1433,878
6597,920
2260,7
1806,1944
3512,1742
5294,1672
737,1129
811,1877
3348,991
2304,468
4982,2224
5131,1676
5364,1188
551,2308
5151,1261
1246,2007
2641,549
147,613
2249,1312
5963,2082
2538,17602372
34,286
3241,1813
3926,2239
3253,1311
3921,1133
1781,1589
2933,1919
4410,212
2088,1854
1396,1350
4338,661
608,1653
5139,333
4696,455
4827,1521
6075,1424
2353,2290
3128,1597
123,2224
1187,338
4360,305
1526,961
30,418
5977,2364
201,911
6139,2207
5161,470
96,5642370
4839,1365
728,409
4,1277
613,1367
2329,2171
4033,1925
4030,1492
3794,1427
173,1332
3035,628
6213,1147
314,2026
1629,620
1698,17
2501,1770
5063,1442
3293,194
513,1676
4975,1067
364,942
536,286
6663,1794
5440,2215
3690,1949
6395,422
1497,131
3604,283
3042,2240
6269,170
1402,199
3527,610
2809,1758
6313,1229
4300,377
4023,748
1716,1508
3441,1113
3319,1194
2036,2176
45,12
5586,1238
276,1473
44,208
2987,724
4891,586
1787,1685
5791,1049
5977,2364
125,461
1694,2221
1787,1685
197,118
3626,6772372
3663,627
676,413
3207,737
588,1830
2241,663
425,1127
817,16152372
775,20822372
4286,1237
6562,1225
6204,805
1540,1166
3132,676
2964,1821
1922,375
1973,1116
4030,1492
3291,366
4064,982
1303,18
758,675
5827,2313
4681,14002370
1838,322
776,266
2952,1123
2120,2063
48,1908
5782,371
454,1566
3859,492
5436,1276
2079,947
55,679
5975,2235
2441,1127
3906,12412372
4943,795
5706,455
3058,1572
3638,831
1155,1802
1456,394
4889,1073
4303,881
959,986
3728,113
540,529
1434,842
5933,2260
138,909
5858,789
6399,2334
157,1603
1726,1945
2942,635
2804,1435
5201,2045
1504,560
3536,190
2077,2221
3081,2243
1577,1723
2203,1447
970,521
4674,1837
1353,1799
3412,558
4916,1311
4168,2347
4955,917
814,1191
6082,865
1306,1073
634,1295
2392,528
747,648
4896,1566
3010,559
2554,2219
824,591
80,77
1388,463
398,1240
4983,1737
3630,398
190,1919
451,402
646,19382370
485,1753
2997,2029
1702,1432
2406,124
1871,432
2966,301
3843,150
579,1030
4639,773
4350,883
2605,1829
4115,2084
5962,521
111,1285
985,1764
2928,1545
2391,111
3471,2093
4577,1106
2518,1792
3393,313
3625,631
3520,2172
914,1849
6504,1162
6139,2207
6438,621
327,2033
780,783
4222,659
3659,314
5427,6
2119,994
173,1332
3589,1978
2623,285
538,967
2516,347
725,1982
5217,825
6064,1043
4572,1408
5245,1172
284,1874
1330,2080
1325,2314
2827,2171
4084,1709
4350,883
2673,81
4380,477
1156,1429
1901,1852
2542,1538
1384,498
4025,2332
2338,1030
1951,1652
5387,1166
460,2249
3076,1491
5143,1821
4588,1579
1655,2259
80,77
4721,1327
3756,1968
5326,1416
761,1296
5904,1555
1766,1387
3170,1725
80,77
1486,394
331,53
446,77
1376,2243
4801,639
4702,466
520,2057
82,1464
2888,1330
6488,1433
644,119
1868,1733
265,562
2389,397
2932,71
262,283
714,834
1117,1929
51,1039
3206,2346
1649,1883
2956,1045
3249,1249
4377,1901
5159,2278
224,75
4155,941
4973,2056
4526,276
3621,13012370
750,683
1376,2243
2374,807
3860,309
839,858
3748,1687
577,839
5935,2323
3988,1679
4675,19362371
3553,2036
2269,690
5277,1940
2137,1612
5689,503
5592,1090
3463,2365
80,77
5118,1794
1936,1038
4887,2205
508,1957
5940,2163
2196,138
2339,1493
811,1877
3499,1667
6489,453
1148,253
3740,758
4364,1713
5070,1779
6093,307
5161,470
4875,911
5249,2328
3518,1264
307,1860
5227,1695
3802,1316
871,1304
584,1994
4032,1835
1842,68
3708,706
5357,627
1744,1402
2052,1130
3353,2194
4271,1444
334,1423
2410,28
5253,1657
861,1474
6185,2118
38,1388
1562,1978
1876,228
378,1598
1558,1530
563,364
5329,2222
2415,2290
1079,1039
4443,596
2211,84
2455,20802371
3074,76
2673,81
5300,2021
2781,179
2162,1077
6052,997
1410,1279
3175,1199
1876,228
2150,52
2693,616
1693,1872
6304,1935
1057,21062372
4536,314
3929,1572370
639,1015
999,973
343,400
2094,228
2159,811
3376,30
189,757
4288,356
6608,821
2902,2213
5159,2278
940,733
23,571
2895,1699
5800,994
6606,1517
5572,1275
311,572
575,96
1602,715
932,1843
153,1632
605,367
2286,1327
224,75
2792,96
4666,17
2353,2290
1467,1735
198,1648
3362,293
2161,1645
2905,1799
4876,1602
4672,19712372
6289,2316
677,1555
241,556
3375,1371
4571,752
5563,376
2133,1311
5816,767
2620,1828
1057,2106
3879,744
2367,491
3818,1061
2386,1376
4794,607
6,2200
5049,21382372
102,19862372
1784,1679
4815,1719
3139,1417
2333,154
4879,853
4338,661
968,1961
6061,300
3014,2160
602,1351
1467,1735
2342,743
2969,1572
0,1639
3586,2166
4556,2137
4399,239
556,1353
1105,644
860,2229
955,864
5726,1380
886,152
6463,1774
3916,2324
404,1930
1975,255
423,132
3405,1130
6658,1484
1484,1537
539,1531
3322,2299
271,1746
811,1877
3495,1309
1013,1850
107,547
5441,365
2135,2353
6215,2132
3329,1082
2688,381
79,673
5046,15802371
1157,2259
1468,2227
2592,2340
1556,261
3894,701
4571,752
676,413
5224,20812372
6473,573
3720,727
4542,908
2533,1879
699,15
1379,66
1713,67
2400,1922
1876,228
689,1621
4645,480
4141,1080
2963,875
1351,210
3856,1657
5018,1968
3420,41
1415,162
6033,11682372
859,2315
5198,1796
5114,41
406,397
485,1753
6524,5232370
4934,2220
1245,2962371
4098,7
4087,879
2684,2092
1801,2137
3190,2006
5927,1524
1085,1191
396,2353
1263,2273
1191,6
1173,1704
6096,1601
1610,1246
6042,1786
1719,1700
4771,481
5301,16142370
4966,1297
3229,2151
3861,2033
5471,1128
2569,1047
629,1044
4193,1328
1344,1726
1979,640
5052,1323
2332,1921
6638,357
8,1410
4767,441
856,717
2641,549
5252,694
5223,1247
4599,73
1456,394
432,967
6144,19
2704,1681
5729,1699
2914,513
599,281
1754,1420
1929,849
870,1681
519,436
3651,2223
3924,1461
576,208
4570,903
3577,834
4159,613
1691,4812370
4533,869
3953,156
552,1899
4028,445
1532,1909
2104,1440
3575,538
6362,1114
5789,144
3775,772
1046,175
3074,76
4729,230
3523,1630
2930,2001
4123,1188
440,2141
6264,55
1186,1726
6432,988
838,791
1444,584
370,1073
3013,44
29,919
55,679
2191,2280
4392,2178
2311,467
5611,1695
3970,1849
76,1107
2131,143
1544,1721
2715,1179
2851,918
2552,1293
5053,2115
4825,7202371
51,1039
199,2064
2285,563
5303,765
436,3782370
1966,98
921,502
329,480
1346,641
4068,958
3553,2036
2265,1698
4380,477
2013,1513
973,1152
2493,294
1295,1920
2693,616
5218,119
2118,350
6442,983
617,1587
2326,207
1738,1384
6228,1149
2117,1313
4347,891
5802,225
805,812372
1567,231
1192,325
5173,1163
5362,21432370
300,707
1902,1498
1861,1455
2751,1726
705,7672370
3265,1331
237,5522371
885,761
5263,744
5111,342
955,864
2198,1298
386,1473
6553,4492372
4426,1466
5905,1516
4906,11822371
848,1691
6531,148
4243,1482
3039,116
2011,539
908,1688
1284,1777
493,1665
2668,1260
3566,1687
806,2056
1931,846
1627,1968
273,1138
5075,2222
6102,1313
1537,1608
4204,48
3432,1445
4380,4772372
45,12
3273,1873
4072,714
5599,462
741,951
769,176
6419,524
5381,2018
2605,1829
37,2311
1387,2255
909,848
854,788
2864,1775
1555,1423
5164,2284
4672,1971
2005,53
1992,1659
3886,388
5537,726
2803,300
4598,1682
5961,80
5921,671
1926,2298
6133,688
5287,785
2147,841
3576,1531
2379,34
5301,1614
4052,2316
3660,1866
4157,786
2758,2344
4710,486
823,1944
2862,2072
1053,1466
1598,1674
5607,1310
1193,2003
4918,2032
2397,2004
5784,609
2242,679
3980,509
765,407
6252,1961
5449,304
4106,1538
937,1172
4403,1228
2107,1540
4632,348
6410,924
63,2072
4676,1234
5575,115
5372,1088
1826,175
620,652
584,1994
5283,8642370
4840,1910
3638,831
363,2289
1927,186
61,1792
500,2366
5584,256
270,510
1832,1426
2609,1080
3971,1502
283,552
1457,418
5739,1538
4961,197
67,799
3976,1241
682,1689
5036,1126
786,1240
4949,445
4885,9242371
372,2364
5119,283
6419,524
3525,126
3577,834
3333,791
4623,2265
2430,496
4629,1434
863,1871
4841,2104
3107,1035
1817,901
2434,346
5944,2220
2568,1846
1186,1726
3706,444
3184,658
2940,872
2988,1354
2287,55
3012,1229
2488,975
4621,491
1588,453
995,526
2129,683
2817,1722
1562,1978
429,1797
2571,1042
914,1849
3116,261
128,1102
371,509
2553,1500
260,0
2270,816
555,1830
5186,784
4020,1774
5698,1709
3386,54
2035,444
4813,1218
5691,315
3068,1117
4577,1106
39,1488
3267,1368
953,500
2526,1865
593,336
275,692
2788,1000
1232,2140
4150,1581
5843,1011
4150,1581
680,1876
2999,634
1047,2127
1474,37
20,1676
88,385
1737,1829
3487,2150
2343,775
2523,1714
1023,1090
5970,1584
271,1746
6361,1275
197,118
607,903
73,1463
1872,1309
1150,919
2036,2176
1012,1813
697,447
3082,1363
4467,1712
5139,333
2215,1606
2376,1386
3923,590
6479,1490
2469,481
2342,743
4423,312
5290,79
2193,50
5060,1096
2722,833
1687,55
5446,1864
99,815
2871,307
6411,11532372
5150,1420
5914,1700
4603,64
1997,618
24,1878
439,574
6099,901
5226,1556
1903,393
2884,842
1348,1680
6394,1189
694,1379
1683,150
1728,267
241,556
4531,953
1171,2095
5786,1326
4992,1928
508,19572371
4526,276
3332,1442
2626,1267
3838,607
3732,2131
2308,1937
4530,710
4132,238
199,2064
45,12
735,230
625,1757
3281,16172371
2678,2328
592,2039
4411,1981
4711,1946
4356,1391
2896,2090
3140,1004
3063,407
2404,494
645,259
4551,2013
3450,1676
1828,1268
6538,2259
2816,1914
3999,846
4095,1206
4713,1051
4040,1475
37,2311
164,29
1058,1825
4307,464
4194,2047
4704,402
1824,2302
4188,1741
5188,10842371
3505,77
4920,277
779,1620
5593,1415
442,968
410,761
2624,1430
252,565
1518,1739
5651,1387
5909,1816
646,1938
1101,434
3177,882
1133,1535
2923,1371
3686,2358
6421,749
4628,1121
2607,446
1089,1890
752,1385
5999,895
914,1849
1664,1579
3540,1936
5530,2153
1801,2137
1342,694
2432,1008
849,1562
238,1891
896,609
6122,2088
2367,4912371
4764,1426
311,572
6022,570
4136,574
6442,983
2887,1036
6604,239
1902,1498
1293,1026
2960,1685
648,2280
497,1374
82,1464
2462,2112
364,942
11,17082370
5382,1191
3029,2241
1851,240
4146,2145
2053,1279
1401,387
2969,1572
845,496
2663,102
611,446
495,2121
5368,2015
2799,922
154,755
5149,373
3064,2169
134,421
1335,258
5564,1706
5743,1647
962,1997
2613,128
2509,2038
4670,698
384,1468
125,461
2566,2043
5207,677
2541,38
5406,1682
3589,1978
1403,1959
5045,627
2552,1293
1335,258
4568,543
16,2244
4538,786
5272,2336
4494,1582
422,716
5161,470
6188,1780
6438,621
5424,643
772,549
75,2000
81,2269
1035,1934
2403,333
895,2078
5364,1188
2746,1328
4535,1903
2312,657
1002,2249
6312,935
2007,1696
176,1954
4016,979
5749,2017
3335,809
3634,1265
471,439
5386,232
2008,456
4071,20
5805,1759
2272,48
5100,669
1135,433
2364,310
561,1275
2077,2221
3017,239
4260,2232
4934,2220
407,1734
52,1715
748,963
1566,1785
4436,765
5627,98
784,1061
1857,1342
5827,2313
3205,1582
174,2100
5121,1641
92,1274
1881,1824
3900,2175
5154,1965
1942,633
5567,2058
567,61
6450,2157
3526,1501
6059,16642370
5900,1318
4550,40
6000,235
131,1619
4068,958
2960,1685
1553,559
414,193
1652,150
3730,2205
3382,1585
5603,1661
6282,794
4392,2178
211,1139
212,604
5864,1356
837,1650
4579,386
2312,657
1377,2024
29,919
4768,81
218,972
1454,865
5478,1241
844,692
4095,1206
4412,875
1094,41
3558,346
5204,1702
2643,1072
2447,2178
1157,22592372
6262,998
2948,1845
3133,476
5378,2132
689,1621
1118,2108
4944,2243
6619,1916
5568,1870
2808,409
4039,1340
725,1982
166,1252
5208,685
4305,617
3950,2199
4255,1499
5037,797
2634,2069
2153,1627
2744,1987
819,1745
2558,887
5623,67
5994,1783
2456,2369
1684,77
4021,2366
218,972
6658,1484
3125,1651
1299,1261
1663,1050
565,1868
1111,445
328,829
1442,1284
2218,1757
5066,1730
6582,486
3768,100
1008,2238
1441,720
3146,1993
620,652
6588,2174
1290,21412370
750,683
326,2361
6154,566
6141,1225
695,2118
5601,2281
2541,38
4332,96
6218,2270
1846,495
2595,1376
600,2336
1001,892
4841,2104
1398,732
1977,1106
1138,1222
1080,1660
1920,2319
5694,611
2256,2339
510,1988
607,903
4260,2232
696,1408
2253,668
5458,1390
1632,2139
5018,1968
6073,667
5171,2267
3081,2243
6448,198
6060,1099
2113,2317
5028,1973
2827,2171
3793,114
4083,2019
379,894
1652,150
847,185
4845,598
1569,1308
892,1019
4655,2220
5029,1619
1082,1390
5238,1998
2575,237
1293,10262370
1077,1042
4006,2021
2141,2005
4072,714
2890,905
635,242
2926,46
2511,1176
5154,1965
5611,1695
2499,2245
2973,513
4089,2012
1932,585
559,1665
2185,2285
4327,1520
6169,1599
193,1010
2103,1966
1389,177
4026,1765
6390,1861
5556,547
628,575
4761,1158
3580,225
4991,1818
891,1152
2851,918
5870,1301
5535,844
5115,1308
679,962
463,1503
464,1436
3712,1732
3540,1936
608,1653
237,552
2210,497
5554,568
2769,1639
1024,730
1180,4
2428,416
876,2343
841,240
1357,1985
338,43
12,1976
542,297
4065,1394
4511,1462
5633,1362
509,1227
2756,664
1362,1334
3778,685
5756,747
2523,1714
2306,1884
6353,815
600,2336
5231,186
1952,2135
4880,1736
4532,2080
4400,99
1818,1148
1854,1589
2572,1359
1403,1959
2988,1354
205,574
4769,372
1087,644
2414,1959
66,1826
1303,18
911,1801
1122,1457
3252,755
5022,514
777,78
3213,508
1649,18832372
105,695
5133,1647
2795,2158
661,809
1952,2135
4370,297
1945,1188
2675,574
2510,1138
6541,1574
2260,7
907,403
1374,1392
6037,1300
6578,1079
2672,877
2550,26
817,1615
5661,2348
3374,138
3068,1117
1848,1314
5122,1076
1825,1800
860,2229
1381,483
4986,672
5790,2018
5161,470
419,6802372
3106,366
1543,1669
848,1691
1166,589
2702,355
781,2140
5748,854
1137,2031
2695,789
5363,2076
5616,1769
512,2093
1444,584
3208,1572
4638,869
189,7572372
3338,1581
6152,1502
5930,1462
3477,142
868,1270
664,651
6406,363
4841,2104
1356,958
5570,227
1657,188
1363,2005
2387,1781
360,1260
2060,678
4178,1486
6648,1397
4035,561
2253,668
874,140
2926,462370
89,1065
3188,1824
910,405
199,2064
3016,2025
32,612
2952,1123
2398,1209
5121,1641
3175,1199
4626,566
1953,1622
4562,442
3506,333
4200,8202371
5577,445
2572,1359
3427,897
3329,1082
4057,1747
2722,833
4393,726
57,900
6083,1988
5358,1366
3280,73
2201,1160
330,569
319,1346
1557,697
3257,589
3073,2338
665,273
105,695
3138,98
5992,1201
3933,1407
581,755
950,37
4439,936
4977,1345
2152,1133
5575,115
239,2315
2640,1755
2594,9662371
5216,618
3207,737
4422,216
200,1120
4018,1505
2791,2089
4270,1361
202,334
3767,2139
990,2367
1089,1890
6,2200
1912,828
2768,190
1875,786
2557,868
3549,1590
1190,28
5660,710
1220,1216
43,358
4894,1220
1016,502
4463,1357
3642,53
901,1418
3117,1764
997,1575
5040,833
6055,1085
1702,1432
2342,743
493,1665
347,2237
723,853
5291,1515
2717,58
5249,2328
1560,1143
1882,1148
4272,698
6587,2021
5793,2022
2906,268
1515,1262
2881,1212
2799,922
5608,1228
264,408
1117,1929
786,1240
5279,1940
1156,1429
3392,201
5070,1779
4114,961
450,1266
3791,87
697,447
5250,1946
3245,887
2534,551
1664,15792371
6542,558
5335,37
3736,846
11,1708
4369,762
3793,114
5683,782
3601,1450
4252,452
5634,1226
1216,1989
861,1474
1703,544
1721,631
5485,1983
3396,1653
4166,2068
5413,730
3,1859
5543,102
2882,2356
1780,781
574,685
5024,593
393,1748
2745,777
1778,772
3052,766
332,185
4079,2080
897,1454
3026,1104
1833,744
2186,1889
4185,85
5555,1968
5291,1515
2475,20512371
1677,447
3394,1855
890,2322
6416,1578
3344,1270
2500,117
635,242
4004,1246
137,1809
5085,1076
208,21002370
6593,1617
4475,430
2696,1285
956,2210
5382,1191
105,695
1475,1244
1845,1611
1019,1298
1371,1893
4028,445
1810,1411
6091,1050
1277,959
208,2100
1385,320
5582,1013
2251,754
4961,197
5095,1829
1374,1392
6611,556
3036,2064
1203,1972
2744,1987
940,733
274,1394
6156,322
1931,846
5115,1308
3072,1728
679,962
1781,1589
3276,2180
1858,160
2666,1977
1948,941
4153,1298
2720,671
2962,1405
5350,1974
1916,702
4149,40
2642,562
1025,1362
776,266
6077,742
2350,367
6106,1898
5520,621
3399,1901
46,1774
4139,2237
4504,132
4547,1506
5454,413
4637,1566
2673,81
4370,297
1415,162
1186,1726
399,10722370
2626,12672371
4229,889
6430,323
1297,1323
4330,187
4029,1246
3942,525
2807,1107
1559,321
2201,1160
1707,1692
4509,1467
135,2226
1329,1932
3830,1424
571,1961
1480,1154
2634,2069
293,182
874,140
927,1948
2572,1359
2451,1308
3314,311
3449,1688
6443,332
1025,1362
6100,1572
188,2143
3234,1414
2458,1147
2085,1598
4478,619
6609,2322
3796,506
2588,1595
3317,2079
3562,1036
4870,205
3213,508
410,761
19,1470
420,1661
1211,1709
2195,28
1762,13632372
322,1760
10,1091
481,1888
3510,2106
4901,996
3935,1333
5936,1411
4688,2215
4687,729
2996,1244
144,2272
237,552
4565,2131
1567,231
2141,2005
1131,77
698,764
3980,509
623,121
3716,7752372
1478,2293
592,2039
1506,11012370
281,896
207,2195
4912,349
1412,451
6119,1713
1573,1927
3063,4072372
2976,683
4794,607
5989,1745
821,1505
5879,822
4003,1622
6562,1225
5812,1879
1036,2095
3776,376
1882,1148
706,1504
4377,1901
5783,1280
4020,1774
1351,210
1672,1471
3792,2254
2872,2086
3377,1473
1579,2351
20,1676
3343,1893
813,415
4797,1306
1858,160
523,1156
6162,1442
1881,1824
723,853
4641,423
543,2036
5049,2138
4391,478
3094,1369
839,858
293,1822370
3387,594
4898,847
4844,942
1160,2010
2715,1179
3678,21282371
5316,1247
4185,85
422,716
4820,1491
5503,941
88,385
1098,1846
338,43
5317,2336
3816,1639
5186,784
692,2356
434,1805
4230,2190
5349,274
1727,26
4269,637
209,834
4411,1981
500,2366
5130,2074
4223,1518
3601,1450
545,15142370
3365,1435
6606,1517
1882,1148
711,2341
3814,307
1794,888
5582,1013
2568,1846
1329,1932
321,1455
258,1888
2830,545
5824,1397
972,852
2050,542
480,142
2527,1866
3170,1725
933,1752
1048,1830
5559,670
6380,915
149,1195
216,1292
164,29
5681,412
5131,16762370
1118,2108
606,1982
1164,128
5265,2308
1328,18
3509,2042
1208,406
3831,20092371
1081,890
6042,1786
6372,2060
4945,1810
3140,1004
6260,1958
34,286
5300,2021
4736,964
3523,16302371
125,461
6099,9012371
3581,20802372
1298,629
458,11822371
1545,810
2743,608
4625,250
1605,2342
5485,1983
6669,1472
3514,2162
6350,1952
2285,563
4895,283
810,1633
4562,442
1371,18932370
1855,1830
837,1650
4937,83
1156,1429
1188,1462
2041,2331
4711,1946
6500,1149
5301,1614
6187,1945
4338,661
2951,265
2627,1352
3748,1687
6426,438
3868,38
3400,945
5251,2152
2661,1704
836,1718
3113,1717
5595,455
2363,1219
6158,618
1,1965
981,1448
611,4462371
332,185
525,528
1936,10382371
2270,816
71,744
4202,1545
6595,594
4699,921
869,439
5046,1580
1228,419
915,218
2170,2054
2026,988
2351,1524
652,754
4308,465
2917,450
3586,2166
4135,1886
461,100
1472,2160
214,28
5884,1311
4097,100
658,1200
4639,773
2517,445
3237,917
4647,1280
1055,1988
4804,296
6131,89
5231,186
5130,2074
3303,1280
3083,1087
2400,1922
512,2093
3153,325
3969,1971
988,76
4549,1292
1005,1502
1192,3252370
1983,1829
3411,2246
4872,3
1208,406
3830,1424
4079,2080
4238,1904
1471,1154
1675,516
36,617
2215,1606
4182,11532372
4330,187
557,1233
6019,283
2951,265
5899,370
4926,1175
4482,454
99,815
359,792
1677,4472372
4,1277
5625,894
2144,1596
3365,1435
4965,1435
4246,1913
127,359
4253,1863
3530,201
54,700
919,1374
2393,1700
4214,1546
4389,1604
1054,1312
5629,2089
3416,2034
3227,2081
2510,1138
5810,1132
1910,1931
3914,2256
3666,1887
251,1089
5,2348
2207,1070
569,404
3131,117
3260,65
4422,216
4648,2302
2896,2090
766,818
2472,853
1546,143
3929,157
5722,384
915,218
2341,1235
519,4362370
2554,2219
1703,544
184,54
3342,1927
2735,942
6136,1101
1148,253
376,845
6195,81
936,2272
4300,377
364,942
1686,1054
2504,2296
1120,849
6089,484
479,1225
1819,1309
4291,5572371
3995,915
296,997
5017,2068
3406,2352
4651,2322
42,1736
1719,1700
1985,114
852,1705
35,1456
121,307
4468,865
1910,1931
6378,1720
5011,1114
311,572
4664,998
4184,1718
3093,405
2208,2299
230,107
2433,381
432,967
4467,1712
557,1233
3784,1815
3552,145
2637,1153
6447,109
1969,882
2141,2005
5031,55
4334,1932
711,2341
6454,459
2966,301
2941,200
5133,1647
615,541
790,1727
5543,102
5349,274
109,337
3535,2147
2977,1495
4653,896
1072,399
5025,678
5228,15
2199,2220
1171,2095
1838,3222371
5168,1218
979,152
2012,619
5094,1440
5971,2062
6203,1052
5743,1647
2375,1846
1256,280
5603,1661
4509,14672372
3444,1816
3321,232
1582,604
588,1830
1289,2289
115,592
5819,1719
1495,738
1292,1559
2702,355
1384,4982372
4320,30
756,1921
2318,556
2275,1001
937,1172
2695,789
1036,2095
848,1691
914,1849
2529,1455
3572,102
6090,832
3725,1
5731,1046
4468,865
3864,2067
61,1792
1029,486
2293,1638
884,1294
5093,1440
3875,491
1432,452
1221,622
243,548
1689,326
30,418
5231,186
1249,266
5600,82
5857,913
4399,239
5964,2254
2963,875
4039,1340
5884,1311
3695,747
5567,2058
5416,1992
253,2094
187,1284
2297,450
2980,1835
2097,2048
3,1859
172,1434
3939,709
1747,552
1687,55
4376,358
2052,1130
3825,2270
2291,2122371
6531,148
2141,2005
4378,2219
862,19
1115,2155
2289,2350
499,125
3816,1639
3108,695
54,700
2065,22282372
4190,1250
627,2252
5729,1699
171,478
164,29
1684,77
1592,25
3855,1040
1469,528
1119,1534
3513,1650
2500,117
2878,1558
135,2226
5475,1336
3841,1521
1895,1832
4239,1564
5557,1007
5340,614
1793,633
2474,1535
3388,618
1189,726
2236,1386
1119,1534
381,182
5641,319
5764,311
4809,425
2693,6162372
3802,1316
4186,1363
5367,2102
1347,1679
2118,350
1102,789
2027,1556
14,610
4290,1954
1029,486
5063,1442
4646,976
3677,1159
2708,824
1539,358
176,1954
596,2075
5468,1245
3316,406
5063,1442
654,141
3051,1510
6537,659
3427,897
1926,2298
1277,959
226,714
6273,910
2279,1074
202,334
3740,758
2154,8272371
16,2244
2062,549
1041,1487
3529,1420
1782,2182
4111,1017
4275,874
3135,942
1892,672
2845,243
382,2009
1931,846
1263,2273
4302,1748
4330,187
766,818
651,1838
5851,581
5742,1242
60,1350
620,652
1988,1731
699,15
5285,127
5752,325
1247,574
721,2297
1986,1990
3696,1305
6407,1595
3564,2131
2429,1345
954,1404
1664,1579
4480,1072
6009,1626
1467,1735
599,281
79,673
3070,1751
5127,1531
2931,1668
6485,11372371
1923,516
3686,23582372
4323,1781
1682,1070
1023,1090
241,556
4376,358
2950,1806
6041,1180
5680,1338
1003,1427
1089,1890
3236,213
2939,582
2678,2328
1476,395
116,947
221,1415
5327,899
2699,1673
1511,1092
3139,1417
5709,115
4202,1545
5793,2022
2201,1160
5147,1673
2483,2368
2294,602
127,359
6022,570
5777,628
6428,657
6113,2205
4639,773
3973,1769
4744,2307
3696,1305
1230,591
3279,1545
6473,573
6021,918
5798,1198
116,947
1831,3062372
2309,760
3008,277
1570,112
5065,1310
3975,1320
2592,2340
2606,1307
37,2311
5656,1990
2114,1637
3072,1728
5762,1452
3555,715
6230,447
4381,1642
4826,1170
1579,2351
4206,750
4959,160
6107,562
6294,2014
2864,1775
1266,479
5808,470
3058,1572
191,739
6305,2334
6061,300
1008,2238
911,1801
279,1974
6241,295
3600,1245
2025,569
4060,12312370
1468,2227
1773,1812
621,589
169,1619
1088,1070
1284,1777
52,1715
5601,2281
5946,1730
707,2138
2719,685
6384,372
3526,1501
2554,2219
802,847
25,743
1370,1473
6670,1327
1470,31
55,679
1340,2172
5429,790
4137,567
3706,444
1734,911
321,1455
4005,933
736,1053
3647,578
1021,1676
4422,216
553,1026
20,1676
703,1487
6034,1716
3483,2262
714,834
205,574
5598,1355
666,601
1549,2021
2422,158
1988,1731
667,2189
5276,1916
2272,48
4688,2215
2467,622
5826,187
1567,231
1412,451
4017,1722
225,693
2078,1542
5025,678
3879,744
962,1997
431,1833
1355,1194
3350,184
4237,1690
3846,657
1329,1932
5291,1515
69,2341
1139,1407
3102,1008
6002,1919
3140,1004
198,1648
1693,1872
969,1740
5580,221
4308,465
4332,96
5026,725
1545,810
573,1703
2323,2307
5912,2161
1894,1807
1563,786
141,1056
1470,31
815,1221
4317,247
537,1536
2585,867
2970,704
2053,1279
4156,378
5451,406
1450,2272
102,1986
1434,842
111,1285
5222,1377
3186,1116
288,741
5869,2143
2068,1380
5501,705
5539,1724
1508,1460
27,331
61,1792
6326,468
3171,1751
3858,206
4600,166
5679,1661
130,970
2334,1047
3018,432
1198,671
6274,2018
755,1585
4191,912
3362,293
5106,414
2980,1835
879,618
995,5262372
5373,2256
1078,387
4741,1537
4103,1724
4440,2039
4202,1545
269,1141
3476,696
215,847
5961,80
2563,2247
850,1372
3102,1008
4771,481
4812,1652
5255,1582
1457,418
827,1512
654,141
3505,77
6195,81
1271,969
2395,598
6144,19
2103,1966
6259,2189
1803,1746
3834,1649
1303,18
2199,22202370
3610,1493
3019,1107
3659,314
2747,1417
5737,19772372
2709,432
3665,1320
736,1053
4595,303
3084,2241
4661,665
4356,1391
3822,39
6175,2265
777,78
2453,562
5640,21172370
3600,1245
2703,1586
1402,199
6482,681
4177,2072
3938,11
560,782
6620,2150
845,496
4322,1825
2739,146
3097,2316
3636,13952372
1260,1673
3603,687
1337,1617
5534,1266
4895,283
4496,2346
5533,1551
3128,1597
3543,1069
2664,2328
6524,523
1509,502
2435,1316
1269,1976
3615,2296
975,724
2472,853
5524,416
4395,357
289,1365
1143,648
277,1510
11,1708
2822,2075
6374,689
289,1365
2615,918
3609,2321
162,1952
6568,949
3645,650
6496,1716
190,1919
884,1294
1274,1683
2287,55
30,418
5359,1369
920,54
4758,975
4803,358
3827,1584
1011,885
5337,1087
1898,2052
507,662
4205,1798
4805,1802
5864,1356
135,2226
2890,905
1504,560
1631,2173
4434,1595
4775,1193
264,408
169,1619
595,1843
3756,1968
426,162
3278,2259
5927,1524
1999,1582
5951,1180
4,1277
3547,1346
732,360
2445,1661
1247,574
523,1156
5016,447
1617,543
4441,2080
3363,969
6151,1965
5810,1132
4076,1125
120,1321
2148,296
3231,426
4605,1835
3963,17322372
999,973
2344,1725
744,864
2650,396
1647,2017
2398,1209
550,1028
714,834
4786,2366
5634,1226
2661,1704
5315,1871
3175,11992372
3323,1812
484,195
5500,1815
626,456
2879,1170
1741,1559
374,264
1627,19682372
176,1954
5999,8952371
1393,845
379,894
1115,21552371
2345,2168
5839,2267
1108,704
6329,169
512,2093
5218,119
2741,2311
5805,1759
4481,1480
571,1961
230,107
662,352
2935,1121
4051,592
3450,16762372
3429,1967
4352,1438
5724,2244
2079,947
1812,1540
6412,2125
3147,27
6443,332
4729,230
2481,552372
1940,2195
3090,1469
1611,1835
68,1111
837,1650
1828,1268
1436,65
4479,1725
1336,1614
5541,2275
1953,1622
3180,399
5974,2116
2895,1699
3447,856
30,418
5327,899
2817,1722
885,761
91,1904
1035,1934
239,2315
1481,1961
2243,386
4081,1749
2319,1242
6552,1605
550,10282371
6552,1605
4292,325
2773,68
3763,395
3337,98
182,2173
627,2252
400,1441
127,359
2259,13152371
5296,17672371
890,2322
1774,1617
4416,82
6186,1074
6174,1351
1128,359
1389,177
776,266
4445,1602
4063,1254
1868,1733
2143,2121
595,1843
5922,1978
6277,363
3356,355
3432,1445
6355,698
6271,802
1586,190
483,2098
5,2348
1803,1746
3627,1532
4341,97
1373,814
1341,1524
2465,1871
801,1536
6003,122
3701,1176
5768,565
743,9782370
3443,217
6108,1831
2763,373
1704,944
6506,1849
3626,677
669,1681
185,1186
4084,1709
151,1712
2196,138
2978,531
921,502
1328,18
6397,1179
4106,1538
4852,357
5589,1563
2600,1875
1604,20592371
362,1944
1611,1835
991,592
3355,408
918,1337
2608,1752
1924,70
6198,1485
3038,1780
5012,1803
72,1616
3063,407
190,1919
1849,1182
2899,485
4795,1966
6,2200
5244,1854
5835,1479
1513,1869
1399,470
2910,668
866,460
5827,2313
291,453
3625,631
2429,1345
3576,1531
2234,1012
3447,856
390,7712371
6338,773
6124,1888
4256,1412
2728,1464
6204,805
5622,331
28,1600
4779,1149
5168,1218
75,2000
419,680
1031,194
971,175
49,774
1247,574
6364,1577
1521,1667
1914,1464
1795,684
4266,2308
1132,930
131,1619
212,604
970,521
5748,854
4825,720
687,40
5862,1267
4581,2317
6225,688
835,2222
3451,241
616,1045
199,2064
6258,703
1580,2313
4424,307
5121,1641
4037,551
3064,2169
109,337
4533,869
45,12
658,1200
607,903
720,1216
1072,399
3990,823
6522,18302370
3192,147
3090,1469
3884,2242
6374,689
705,767
1310,80
2599,1520
6616,981
992,1906
4209,1075
6240,2247
4579,386
2971,1888
3364,202
2913,116
5361,2267
4719,1997
5016,447
4006,2021
648,2280
4486,1294
334,1423
4144,150
888,769
64,397
1560,1143
4115,2084
1473,1264
2614,1014
2629,1691
3779,1456
529,363
1523,1623
3454,826
2415,2290
2379,34
3070,1751
3389,585
6425,1161
3017,239
1092,1668
4727,645
6499,1251
261,481
1533,219
1503,540
1950,1192372
4880,1736
4946,2010
451,402
5673,1200
43,358
5214,944
830,1539
5411,1717
2486,780
6192,446
4377,1901
3327,2105
3265,1331
5093,1440
2677,1462
605,367
2559,2138
87,1305
2708,824
868,1270
5480,248
5868,2193
1975,255
2960,1685
5351,2119
5509,1412
3325,2182
2913,1162371
3727,2012
5936,1411
596,2075
3740,758
3134,462
2596,1031
1240,978
197,1182371
515,262
1151,508
3262,568
4098,7
1159,1650
843,1574
1705,2009
4506,68
4066,1351
1368,1261
511,971
2751,1726
1807,1580
154,7552372
547,1550
797,2147
4402,1812
1153,89
5834,79
4,1277
4035,561
2538,1760
1923,516
6522,1830
1475,1244
633,884
4359,186
5749,2017
4330,187
473,2120
3122,2163
1725,2138
1706,760
2308,1937
5123,196
1613,1941
707,2138
3526,1501
4490,1035
2505,1931
121,307
6,2200
4249,223
4472,1189
338,43
4243,1482
446,77
2620,1828
1981,1058
3838,607
1561,83
2694,702
1503,540
4607,1419
2680,987
2902,2213
2704,1681
1182,150
2605,1829
1806,1944
3164,596
3001,1006
6357,2142
6131,89
1297,1323
5305,1719
2065,2228
3667,1709
847,185
4614,493
417,10992370
3824,1883
5575,115
4822,230
5973,1604
5496,1035
139,659
3582,2058
1438,541
376,845
67,799
3714,942
275,6922371
3123,97
39,1488
3672,355
6050,1071
3537,1618
3979,207
1071,1186
281,896
3837,1894
2446,743
4126,2246
1258,2253
4995,257
2490,1369
2993,820
300,707
159,1396
3906,1241
340,799
1339,842
5353,44
5498,1196
4322,1825
3092,971
4587,1402
40,1383
916,11
3315,1533
2255,2065
3592,2286
2708,8242370
901,1418
3206,2346
828,10242372
1556,261
2376,1386
1344,1726
2608,1752
5691,315
3665,1320
1043,2175
623,121
1508,1460
5561,778
270,510
5110,614
5165,1451
3700,1666
3604,283
2692,665
5692,533
4881,1
6470,388
610,1626
2061,250
2014,1125
3318,2061
3118,346
2614,1014
2077,22212372
4253,1863
339,378
6037,1300
4666,17
2089,1488
6320,2356
2292,1000
2048,897
4016,979
506,1164
1252,666
5923,1487
982,1756
4773,456
3068,1117
5334,62
5536,1326
1200,752
2108,1910
1870,2105
1872,1309
566,1616
1134,788
1444,584
2191,22802371
3371,583
932,1843
1934,1831
1794,888
1277,959
4109,243
4242,929
53,407
1889,1446
10,1091
3466,1123
5665,81
1206,556
3193,34
1481,1961
102,1986
209,834
4506,68
6089,484
4995,257
2129,683
2450,640
2175,1982
6525,1402
1028,723
2902,2213
118,2140
43,3582372
3793,114
3527,610
4844,942
1977,1106
4876,1602
1198,671
5827,2313
1387,2255
290,1900
1707,1692
731,1922
2166,971
6140,10942371
200,1120
2410,28
1073,15402372
847,185
5965,1518
43,3582370
4063,1254
5494,556
2031,414
762,1025
5240,1565
216,1292
732,360
4430,1122
1689,326
1748,332
3507,2265
1458,1548
5619,2164
3581,2080
3361,1695
4297,1159
847,185
2448,1232
2014,1125
4839,1365
5903,132
3896,1201
4824,2310
4361,1162
5317,2336
26,928
2653,822
4365,793
3538,745
1528,277
5044,2248
2126,2127
2704,1681
646,1938
2302,728
5885,1925
3292,690
504,1736
2629,1691
3007,2248
2470,2331
1203,1972
6,2200
449,1451
423,132
4565,2131
1317,431
3737,1154
2456,2369
6541,1574
5220,2141
21,1806
2710,1913
1364,641
399,1072
3012,1229
6041,1180
4940,1629
3507,2265
6098,22512371
5981,1211
3405,1130
1574,1287
1772,162
1308,1593
3183,1801
2435,13162370
922,121
1486,394
3762,1489
5648,2362
737,1129
1540,1166
1808,1661
2865,373
4776,330
4745,394
2488,975
3229,2151
4681,1400
4512,2188
2821,712
1893,1929
1124,1791
4926,1175
511,971
2256,2339
3268,1500
4515,274
337,974
1006,1870
4949,445
1223,1833
381,182
3553,2036
3493,193
1050,1386
5123,1962372
476,795
284,1874
4088,2130
3778,6852370
81,2269
4339,856
2569,1047
282,1555
67,799
2515,1343
3560,1821
3158,347
14,610
4829,2283
5772,1925
5341,2059
471,439
932,1843
2299,788
1568,2045
3198,71
1172,465
4155,941
4254,1333
2523,1714
1073,1540
1291,1846
2861,2109
680,1876
1130,880
4148,2069
4544,687
5907,2261
4521,529
2800,744
6140,1094
5686,1630
2235,955
1552,909
5223,1247
434,1805
4687,729
4713,1051
205,574
3054,549
2618,549
2581,694
3569,5292372
5917,2335
2632,614
853,421
2626,1267
25,743
5090,19972370
2033,1588
2991,1470
4853,397
1916,702
2564,1857
1382,2213
1437,2317
1009,1046
1355,1194
2669,2314
2779,614
486,372
2189,1799
2386,1376
1802,128
2022,2058
1025,1362
880,2072
5828,2167
501,1078
3572,102
3319,1194
5005,158
6523,2762371
1678,48
2230,1732
4888,69
406,397
2973,513
926,614
6624,255
847,185
3902,1446
2936,22522371
156,1400
2738,1341
1822,1390
1319,1123
5044,2248
2577,2254
5867,1146
4453,1144
4020,1774
3033,1623
5716,1026
2298,1791
1025,1362
3846,657
6006,595
4854,172
4920,277
3507,2265
380,189
3755,762
3124,2251
4507,2086
1747,552
929,1044
3590,1320
78,310
2516,347
3346,2238
4424,307
2732,1918
694,1379
6551,9972370
340,799
6474,2121
468,1305
4503,1013
3240,10
6289,2316
2617,20
5330,1499
1186,1726
380,189
112,337
3670,212
3469,472
933,1752
3119,1823
3135,942
542,297
3546,7
2519,1798
915,218
5610,849
2053,1279
2423,1725
3864,2067
4843,932
2057,1573
3336,1169
3542,307
2970,704
6603,1177
5483,2099
2240,312
3123,97
2246,709
5980,1002
117,2115
3423,369
1119,15342370
5306,1978
5705,369
4298,685
2078,15422371
299,2014
2247,1434
1480,1154
456,248
627,2252
1345,1654
3506,333
3950,2199
3987,1751
2082,1689
6510,672
364,942
344,126
615,541
2656,2045
6272,2280
1809,192372
3210,2089
179,2335
3997,2333
2843,2172371
1246,2007
2585,867
4636,241
1784,1679
433,2017
15,1199
4047,1456
638,386
3173,356
3521,2121
1099,1724
3615,2296
394,790
6406,363
5405,622
2101,1171
450,1266
327,2033
3164,596
58,1314
395,1261
3875,491
343,400
2952,11232372
4094,1414
2814,2040
6046,1942371
5384,807
861,1474
1068,1715
794,2063
2744,19872371
1349,240
4959,160
6467,1560
3322,2299
3327,2105
45,12
440,2141
1487,811
2252,1336
4216,535
75,2000
2203,1447
1390,2285
1934,1831
311,572
5057,957
4577,1106
4779,11492371
3564,21312372
3151,1149
4014,2185
266,312
1313,1271
996,1073
1291,1846
168,1088
371,509
2448,1232
949,10382371
2311,467
6,2200
5849,1519
1121,337
3325,2182
6419,524
6409,2298
3393,313
5006,1044
591,2269
142,2325
2881,12122370
2239,2122
2943,441
2726,1275
4740,2218
230,107
677,1555
3954,2344
113,1152
5997,1706
302,1300
246,1248
1884,1281
152,1301
1608,2165
243,548
5579,1294
1228,419
4104,1780
6216,164
2284,2234
3248,217
6426,438
2054,878
5120,777
16,2244
2095,890
1424,2157
909,848
5358,1366
681,1874
4956,2225
4395,357
1752,1470
3684,429
4950,288
2443,2115
6281,361
493,1665
3158,347
1021,1676
3773,563
6297,1361
1240,978
4528,1905
88,385
6533,443
2569,1047
6311,135
1476,395
3877,2044
5275,91
5760,700
1438,541
3383,2049
875,1127
3918,1382
5933,2260
4721,1327
896,609
5044,2248
173,1332
5780,1069
188,2143
316,356
547,1550
544,1699
4200,820
643,34
4139,2237
2744,1987
4722,456
3442,1103
2813,1092
1263,2273
6033,1168
0,1639
4349,1066
2776,270
155,2322
2350,367
4183,624
4085,2145
3637,29
5101,2003
2974,2340
1749,100
111,1285
44,208
1232,2140
2382,1534
57,900
2070,663
767,907
2529,1455
2139,2330
4488,1018
1392,1067
806,2056
2630,416
2000,1035
4293,1035
4542,908
4731,271
318,410
2002,259
4105,1367
5881,375
5476,887
6086,1197
71,744
2189,1799
86,454
172,1434
5704,1658
458,11822370
1275,229
864,375
4858,98
164,29
5371,380
3435,533
621,589
147,613
3965,1426
855,20042370
3242,782
2123,537
2611,1872
867,435
1783,1118
1462,2081
1177,1364
2811,1612
2186,1889
5155,2227
5847,1694
667,2189
797,2147
1426,1145
4523,1182
3901,2324
2104,1440
4420,1582
4566,463
984,1333
1202,916
2022,2058
2597,1802
3116,261
1568,2045
19,1470
5531,656
5511,442
5953,1829
1974,254
1813,1165
836,1718
3594,19882371
5044,2248
6044,1145
4399,239
3991,2205
3411,2246
6179,1371
3377,1473
1210,2066
3184,658
542,297
4448,31
802,847
3994,2040
2828,661
259,1715
222,14232371
6442,983
4639,773
343,4002371
438,1618
4527,2220
1506,1101
2526,1865
3042,2240
754,2101
479,1225
4208,1218
5798,1198
4889,1073
5447,1370
6600,351
805,81
101,22572372
679,962
480,142
1250,1299
1974,254
1361,591
6495,17
5213,1642
5843,1011
360,1260
1529,1183
4223,1518
2228,1133
4469,1883
4734,1693
1459,76
5881,375
4675,1936
2102,137
2182,1293
1549,20212370
6355,698
326,23612372
2864,1775
2269,690
1352,1771
3871,11
3842,22872372
5519,303
1828,1268
6224,821
5058,556
237,552
6180,602
4513,1334
4101,673
1897,939
363,2289
80,77
3516,107
274,1394
657,983
6392,727
3465,1026
1868,1733
190,1919
4182,1153
4295,328
2071,673
2762,323
2537,1873
4592,786
2692,6652370
6010,557
6233,1064
2137,1612
2051,1937
4746,2094
4562,442
138,909
898,1362
4384,1435
2085,1598
2767,1676
3874,1155
4139,22372370
1488,1784
3811,1599
464,1436
101,2257
6203,1052
1113,714
2789,1446
4146,2145
3320,700
874,140
3066,193
3356,355
3965,1426
4537,735
1305,1558
868,1270
4500,1609
2965,2189
5304,527
2992,1648
1177,1364
955,864
556,1353
703,1487
5935,2323
1080,1660
1248,1792
706,1504
4827,1521
709,1812
2100,710
1470,31
4859,783
3566,1687
4059,432
926,614
4273,1323
3762,1489
254,973
2062,549
5309,95
3416,2034
395,1261
5421,1991
3500,550
3089,2163
5121,1641
1625,242
6143,5442371
989,293
481,1888
4746,2094
669,1681
443,1400
5272,2336
5146,404
2290,1504
6222,1921
938,263
503,2283
2469,481
5073,1522
5185,1230
458,1182
2119,994
2412,2002
4788,1209
4732,2240
74,1934
2647,2087
4055,743
2552,1293
6369,1851
4679,1301
1494,825
2383,2186
2051,1937
3968,2084
399,1072
2399,110
4013,1610
6575,615
5666,1256
3782,1191
256,99
2156,587
4943,795
1276,1998
1613,1941
4065,13942370
341,1687
1650,1602
11,1708
6462,1347
1617,543
5811,492
702,715
400,1441
319,1346
2440,1144
6477,2269
5009,488
6228,1149
6539,2027
2806,1591
4571,752
371,509
1569,1308
2996,1244
5116,1481
535,841
5016,447
1042,136
2664,2328
1079,1039
3111,607
48,1908
261,481
1944,718
6005,1962
6545,1522
2447,2178
2730,143
2129,683
1128,359
1964,1533
5264,429
1182,150
210,1239
0,1639
5267,908
6579,1762
4475,430
2862,2072
2491,320
1001,8922370
3616,248
569,404
1358,1428
278,774
2868,2064
15,1199
4514,38
2007,16962370
1109,559
2137,1612
146,1382
1768,875
5988,1402
2299,788
3799,1910
3483,2262
6030,499
6565,2006
1482,538
1554,558
1586,190
422,716
6435,1144
6204,805
4478,619
4476,16492370
3694,341
1040,2162
6023,195
1776,205
1284,1777
2705,1480
821,1505
446,77
1972,702370
101,2257
4938,1112
3652,1489
4004,1246
1661,672370
5886,581
3765,597
2662,1326
3182,2095
3117,1764
3278,2259
8,1410
2337,532
120,1321
4643,1979
2907,12
4998,1193
5308,1180
374,264
6442,983
5079,39
2077,2221
5997,1706
1385,320
3286,1720
2621,1328
13,1681
4397,765
835,2222
4471,847
4026,1765
5714,1291
933,1752
4546,359
2556,2044
5045,6272371
2918,760
2153,1627
3437,337
636,1822
6602,1342
370,1073
3496,355
6164,193
924,12872370
6382,1346
2071,673
2055,2120
4425,552
394,790
4265,156
3684,429
5443,610
1172,465
1691,481
5658,28
1127,579
1641,1926
1036,2095
582,212
2513,567
6587,2021
1663,1050
3798,1616
559,1665
3527,610
1088,1070
6376,244
6666,1687
4450,2287
3060,140
5629,2089
4565,2131
5520,621
238,1891
6171,510
833,335
5396,304
4144,150
3083,1087
393,1748
3281,1617
2527,1866
5526,1123
2524,1656
4136,574
5971,2062
4801,639
4895,283
3344,1270
4384,14352372
3868,38
1066,1183
136,1507
4917,132
2533,1879
5782,371
5838,100
1394,2168
1565,686
2642,562
4131,1990
5261,672
3044,2002371
6240,2247
2638,615
360,1260
626,456
4053,1724
2965,21892370
5,2348
4701,299
2001,738
4213,271
6062,1178
2779,614
6245,1685
1031,194
2328,1704
734,1975
1389,177
524,2305
4377,1901
1820,225
2277,1091
345,1799
6480,1869
3312,613
93,1955
2328,1704
3818,10612371
1631,2173
4904,672
2495,2331
5314,351
4370,297
3841,1521
920,54
4789,1121
6223,993
4241,826
1769,1776
6264,55
529,363
38,1388
333,1265
2251,754
5494,556
3559,2364
2258,2084
678,317
90,1512
2511,1176
2999,634
537,1536
1944,718
1044,1796
3400,945
3725,1
3304,227
665,2732372
610,1626
645,259
6368,2168
2611,1872
4646,976
981,1448
2034,759
525,528
403,2051
4300,377
243,548
5713,2173
3063,4072370
492,515
2371,465
3416,2034
2434,346
5102,897
4760,2242
51,1039
2172,389
5199,1499
401,1721
546,1390
2168,169
2271,457
2668,1260
5916,1610
3590,1320
563,364
3722,759
4678,2354
522,1749
4556,2137
3187,2340
2705,1480
5312,1712
1448,1655
2988,1354
850,13722372
1761,2003
1925,451
869,439
5920,480
3025,2170
1163,271
3088,1592
4646,976
2449,237
2166,971
1196,655
223,701
2480,521
4923,1013
1063,1796
1246,2007
2741,2311
4552,1785
3250,1494
41,1367
5396,304
4489,407
763,2061
5244,1854
2344,1725
2180,597
284,1874
2804,1435
5313,700
311,572
1612,1359
3731,291
4256,1412
4405,759
6367,388
3357,1968
921,502
619,238
851,2055
2220,908
1383,2277
4857,2249
3298,1828
4046,2063
758,675
5544,689
3291,3662372
1683,150
5781,477
5053,2115
920,54
5118,17942372
1650,1602
3674,1937
6300,632
33,1066
399,1072
6030,499
2371,465
4630,1736
6605,1127
593,336
426,162
6504,1162
3670,212
5358,1366
4964,2336
1319,1123
1907,2041
6654,430
5526,1123
4500,1609
4361,1162
1959,1571
1057,2106
4350,883
650,571
1927,186
4633,1245
114,1519
5147,1673
4540,2233
3127,1571
2357,735
6381,1754
761,1296
866,460
2406,124
2065,2228
5532,526
693,195
4167,433
6242,1274
5737,1977
4440,2039
4523,1182
3668,660
1479,742
3799,1910
2999,634
6648,1397
5155,2227
5660,710
4878,1889
5665,81
1449,765
2571,1042
6630,193
3291,366
2436,1172
1375,1492
3328,52
604,1251
4355,333
572,293
5980,1002
3869,16222370
841,240
5151,1261
88,385
2233,981
5872,145
904,854
6095,1951
51,1039
3325,2182
2592,2340
4240,8732370
6319,108
6318,2353
74,1934
1263,2273
4232,1854
4015,1971
154,755
5700,1540
4345,2086
5097,601
3807,1545
6470,388
3590,1320
2423,1725
5967,849
2845,243
3676,1463
481,1888
692,2356
1462,2081
5233,2015
2973,513
3822,39
15,1199
2825,134
1958,734
6551,997
733,1969
1367,249
5054,15372372
4497,1083
6081,1728
6104,947
2815,1567
701,1484
25,743
4753,877
1775,1484
2349,2328
1284,1777
4656,634
2927,983
871,1304
3970,1849
630,139
4226,1515
1213,1412
4773,456
415,1368
24,1878
5638,1171
716,1849
280,357
1595,313
4871,1638
6574,1700
978,1180
620,652
4922,939
3755,762
1868,1733
2737,2054
2574,1466
31,1166
1367,249
281,896
1567,231
637,1996
537,1536
5925,239
237,552
4438,1972
272,328
4005,933
26,928
2560,1641
1449,765
791,1181
1123,1888
5709,115
5648,2362
6136,1101
4518,1461
3274,1017
3165,22
5647,278
3372,1693
1616,829
286,1210
16,2244
875,1127
2639,1441
503,2283
6508,1729
3283,828
960,2342
224,75
2664,2328
4254,1333
1368,1261
2694,702
957,1411
2218,1757
972,852
4338,661
303,2247
5963,2082
1358,1428
983,2232
636,1822
1789,1191
4832,2097
1453,1573
543,2036
262,283
1709,484
3743,490
2121,1863
2213,846
1229,900
5902,12
3345,1889
4372,323
5209,273
4752,2345
57,900
6121,1433
1978,758
6461,1520
1854,1589
1176,1755
449,1451
1468,2227
5079,39
20,16762370
175,664
2039,1376
3771,1900
438,1618
257,479
4254,1333
1587,2057
2590,1764
5261,672
3398,1918
4507,2086
4682,944
2718,1244
2771,1173
6627,1796
861,1474
6078,1140
1522,2024
3538,745
1707,1692
5127,1531
6492,455
183,2306
5109,167
534,767
376,8452370
306,1888
1371,18932370
3225,356
4761,1158
3998,2008
1632,2139
6511,837
2445,1661
3851,923
2089,1488
172,1434
3245,887
3395,832
1423,377
6385,2282
2606,1307
6155,795
1276,1998
1427,2159
476,795
4126,2246
760,53
4982,2224
3189,471
1979,640
1234,1239
129,1516
5713,21732370
796,1778
3619,2258
1210,2066
5290,79
90,1512
5585,627
3805,1962
6344,1789
4364,1713
3824,1883
1213,1412
692,2356
5042,1865
3489,1343
982,1756
928,192
240,868
1898,2052
5728,1698
4518,1461
4468,865
2736,2272
5520,621
5490,19022370
1579,2351
1268,755
1871,432
4080,2116
482,981
4898,847
4384,1435
1038,1048
2746,1328
2593,1182
4417,1730
1346,641
6507,2215
3620,1179
1218,2087
4994,46
1704,944
1619,1533
5104,1799
6063,1490
4344,772
889,393
1693,1872
742,73
5344,2287
2579,850
746,1300
4124,111
3738,434
4056,479
943,1622
1052,2282
4692,1054
3177,882
87,1305
5649,236
2941,200
45,12
5924,982
2753,817
171,478
1513,18692372
5763,1117
266,312
298,188
691,21392372
146,1382
2541,38
1183,939
1658,1703
1023,1090
696,1408
2041,2331
2077,2221
1510,614
5116,1481
6648,1397
4076,1125
1365,386
676,413
3223,1797
577,839
4015,1971
2762,323
3730,2205
2403,333
6300,632
2374,807
359,792
4033,1925
4363,1035
1942,633
6428,657
3657,724
4106,1538
3606,1554
1015,1222
3938,11
1448,1655
258,1888
4598,1682
192,249
3481,281
6456,428
2719,6852372
743,978
639,1015
2520,1091
3433,574
5210,3492370
6223,993
694,1379
71,744
2212,2331
2590,1764
3858,206
1482,538
98,7792372
350,160
2575,237
425,1127
4925,2271
4867,474
5464,277
6614,1627
72,1616
1409,150
3671,1952
567,612371
6595,594
5559,670
246,1248
1710,174
5008,301
5191,2010
145,1473
4131,1990
816,1735
1893,1929
5499,29
5357,627
660,858
2340,2249
1076,1511
2173,43
3619,2258
4062,1631
5239,1432
5690,1913
375,800
2947,1862
578,2182
2662,1326
4840,1910
2482,1241
5663,2012
3992,956
5932,1002
5052,1323
5180,651
1358,1428
3249,1249
4412,875
6638,357
614,2014
139,659
3172,699
1206,556
881,485
4015,1971
2551,933
1252,666
98,779
184,542371
5099,1718
4235,415
6039,1375
3585,452
4812,1652
495,2121
5062,1139
1516,925
691,2139
6069,1564
2559,2138
2686,519
651,1838
3868,38
6028,1431
5587,1767
1398,732
3683,2307
859,2315
2116,672
1390,2285
5758,1330
1588,453
3398,1918
3616,248
1554,558
2054,878
2032,1626
5477,709
4278,2097
6201,126
4947,1711
1708,128
745,945
1904,565
5118,1794
2576,1067
4228,1674
2076,340
1983,1829
4487,2358
2883,1365
640,620
2379,34
6260,1958
4189,393
129,1516
5061,529
5102,897
5111,342
2946,1465
1721,631
2907,12
3123,97
2919,1260
25,743
538,967
4119,732
1625,242
1705,2009
5591,1552
2641,549
2015,326
3679,2347
514,1490
414,193
2392,528
3051,1510
2819,692
3259,1701
3999,8462372
3387,594
3091,269
150,1373
168,1088
2465,1871
6514,1250
5265,2308
1122,1457
2509,2038
2985,1714
6613,1987
365,464
3437,337
651,1838
5563,376
5172,226
487,2305
5209,273
2374,807
222,1423
4274,257
2338,1030
1490,1339
2044,1191
5843,1011
4425,552
2271,457
953,500
1040,2162
540,529
3441,1113
1537,1608
2207,10702371
34,286
5376,613
5130,2074
4419,2357
278,774
2161,1645
3508,1306
870,1681
4330,187
4349,1066
3409,327
4290,1954
1781,1589
4746,2094
3645,6502371
3357,1968
83,1786
6530,1451
1427,2159
1078,387
558,1767
1775,1484
6200,1646
5705,369
2248,968
6185,2118
3968,2084
3033,1623
5078,604
4790,2322
1815,1804
3030,15
2566,2043
2326,207
2973,513
4837,996
4609,1424
5544,689
5130,2074
1266,4792371
5134,1004
3640,1090
751,2175
6022,570
3843,150
1631,2173
548,2130
4165,1498
4836,1900
587,1088
2932,71
4804,296
678,317
6111,814
2606,1307
464,1436
6034,1716
739,1840
4397,765
289,1365
99,815
1636,2145
4795,1966
2340,2249
2975,1677
28,1600
3437,337
4131,1990
2981,1121
4892,1411
1895,1832
1269,1976
1245,296
391,262
2590,1764
2480,521
1262,1789
3725,1
6523,276
4330,187
1808,16612371
5432,1818
2869,2335
4046,2063
3129,110
2696,1285
2336,876
791,1181
5547,2355
2,1682
267,1627
3534,677
5913,2290
6463,1774
608,1653
2437,1460
3680,1408
1719,1700
397,1515
619,238
847,185
5011,1114
4279,1388
191,739
2363,1219
1747,552
3383,2049
6075,1424
164,29
3543,1069
2689,228
3754,2066
2595,1376
4200,820
1429,1240
3651,2223
2240,312
3690,1949
5009,488
207,2195
3637,29
2936,2252
303,2247
5310,2325
578,2182
1879,704
1193,2003
239,2315
4733,1507
6227,612
7,1638
1231,1948
1668,144
4195,1760
364,942
3657,724
700,395
5775,502
1829,1975
2796,862
3409,327
3860,309
1779,504
1473,1264
5869,2143
4966,1297
1430,7812372
477,78
5877,897
1087,644
140,17
1467,1735
4705,2327
405,1716
2570,1005
1832,1426
3546,72370
1684,772371
1422,2241
4084,1709
491,1368
3519,784
5808,470
1127,579
5903,132
1279,710
3076,1491
3844,226
179,2335
6122,2088
2969,1572
1436,65
1579,2351
6143,544
4896,1566
2005,53
467,334
5017,2068
6145,2328
2045,947
62,1710
747,648
5606,778
2169,1634
549,2082371
614,2014
4988,1170
1332,704
662,352
205,574
2695,789
1325,2314
252,565
4771,481
2373,551
2595,1376
2366,72
2930,2001
2572,13592371
2001,738
6460,1070
4227,1136
3752,378
2114,1637
1659,1241
3726,1138
4659,1957
2570,1005
3214,2007
2031,414
3082,1363
2532,420
4078,998
6510,672
93,1955
321,14552372
3889,1608
761,1296
3040,545
4251,1839
580,1245
571,1961
559,1665
1004,819
434,1805
2566,2043
3878,1898
5790,2018
6628,194
315,266
969,1740
1250,1299
1688,1357
456,248
5672,639
1731,952
5287,785
3656,1248
1888,924
260,2370
5448,817
1291,1846
5122,1076
735,230
413,273
2305,2232
5577,445
983,2232
3179,1794
840,15792372
3180,399
568,622
3224,134
4929,1320
4291,557
4115,2084
960,2342
440,21412371
732,360
3695,747
2575,237
1712,26
1693,1872
3402,556
3839,852
6374,689
435,902
2311,467
2832,87
3767,2139
4369,762
1418,2361
4126,2246
2655,534
1837,2143
5644,148
143,1225
5764,311
1576,1917
1231,1948
732,360
6293,1203
3800,488
6435,1144
4646,976
1209,865
2104,1440
4026,1765
2996,1244
3556,1329
1073,1540
853,421
2625,223
3613,1967
1176,17552370
6175,2265
4567,434
4179,1401
3689,112
6399,23342371
5453,591
3268,1500
1477,263
3135,942
1270,558
2088,1854
6487,1332
1419,381
1706,760
2036,2176
3201,1571
4967,20
2642,562
3881,1820
2256,2339
818,1878
3678,2128
3621,1301
2207,1070
4032,1835
517,1255
659,1160
3280,73
1536,844
2254,1794
5787,1915
894,293
3364,202
218,972
506,1164
