lhs,rhs
971,1391
5186,2196
3696,201
2374,1323
3488,395
6414,2267
107,2024
2755,169
3030,1488
2330,982
803,2139
5064,1867
6080,1828
3593,263
615,671
2583,667
3129,148
1094,1626
3265,759
3725,1830
346,1639
222,1515
6102,1777
5509,1512
478,579
679,816
1291,1324
696,2293
4119,343
4686,1791
3494,1081
3192,231
6308,144
2017,699
6491,959
84,916
1654,672
584,1706
1398,927
5643,339
4447,2007
1322,2361
4380,1791
204,2198
5549,1424
2262,1813
3877,1999
942,514
3485,150
593,329
472,608
146,875
4888,505
3849,2083
1473,914
4824,1840
909,1070
2180,792
33,337
4806,544
164,238
924,937
1077,2180
851,1370
1583,50
26,246
6,1598
2724,765
173,1347
4059,395
3235,1408
6136,1942
5379,275
6026,456
283,77
6527,1086
5654,1856
3645,329
151,951
2803,1702
3716,577
6522,604
4461,760
2107,794
989,1785
4270,7
2084,1242
459,2338
4478,958
161,302
4195,215
5568,376
3551,1128
984,1969
6438,123
3702,887
3559,933
6063,754
6065,216
6004,1244
3515,2277
3247,970
4804,1499
2770,1956
5310,585
3075,539
2005,758
4149,2197
5881,1130
2670,1072
6355,932
3198,446
524,1296
6651,1954
4137,523
2647,32
4069,1663
1939,1787
1174,1617
3337,1311
1049,1813
2682,478
5963,312
4796,1077
4055,1311
1470,1119
454,249
229,691
2015,1809
1647,1752
279,638
4955,2206
708,1528
1825,966
773,877
4750,2174
6311,689
2103,2311
899,1542
3542,461
4106,2093
5527,2311
5620,1023
4418,1562
4978,940
2639,1721
150,2148
2692,515
6106,193
557,1560
2750,1888
2604,1512
2346,575
3605,1923
5250,1920
676,17
3436,342
4573,36
3497,1891
5363,1489
4409,2218
368,244
357,2120
2927,1913
1860,1816
2691,489
3764,1041
846,2061
24,1272
1045,694
894,1120
3005,1602
166,1061
1099,1131
2099,772
1205,124
4668,1012
46,2010
4274,257
404,372
4900,1450
4275,1367
2301,781
1469,535
285,1192
1891,1718
328,1224
5019,746
640,1884
5000,2281
2710,2223
1214,1371
6302,1507
278,1344
5003,1796
18,1694
3096,49
5310,585
283,77
4542,301
2646,1147
3369,231
841,2158
6522,604
518,1688
1148,1354
4950,1882
4559,1805
5511,2310
1734,2247
2726,2272
2585,1666
3179,528
846,2061
1420,2178
6567,398
5729,1953
5713,1191
3276,1722
5258,268
2710,1483
1233,295
673,1085
5047,720
2477,194
3809,820
5108,1474
467,289
1080,1854
207,1591
283,77
3847,1992
3437,318
2807,1045
4271,781
1128,1233
4951,991
568,1382
3758,1029
5394,1666
2757,5
2849,2317
2104,290
128,422
4597,1612
4624,1254
3987,707
5339,135
3991,36
2821,1980
4470,1588
3028,2047
1380,2305
708,1528
3457,1399
2731,1923
937,1281
2615,370
5394,1666
110,708
5566,1631
24,1272
5056,1141
3693,850
1960,1688
2551,2016
1956,2093
5453,362
4689,367
4018,786
4135,594
391,919
4465,1737
2045,1350
4501,563
3079,1845
2078,1833
1247,611
2110,451
1575,921
4046,1480
4842,726
592,1241
1532,603
6554,1748
13,2208
1234,454
4192,930
3596,735
2383,2142
1315,2145
656,1807
1030,1818
2678,610
2620,344
6278,1229
1857,1344
6498,490
1234,454
432,46
1082,494
86,2326
5951,596
5957,1188
1067,2294
3643,871
769,29
691,520
585,1722
5266,951
4735,395
2850,131
4148,219
5999,730
2802,1615
1804,1698
2511,2268
1118,1311
3370,1625
2418,809
3137,1324
6156,1655
2996,383
5296,1194
648,872
5421,412
634,1920
1082,149
894,1120
2757,5
1897,1918
3066,2280
2318,1169
1168,2102
6161,337
1869,473
6500,464
6069,839
3084,1432
8,203
2639,1721
3370,1625
4208,1762
337,2070
5075,122
2397,314
488,1291
3284,617
150,2148
5250,1920
383,746
5621,717
1022,2252
912,1277
3989,411
98,2298
683,2365
135,26
4927,1519
6540,1696
4745,2035
4132,1771
5620,1023
3817,678
2068,162
185,1768
96,1081
594,569
5407,963
688,1670
211,2262
1899,895
5128,1659
6200,623
424,1763
1066,1871
1881,1303
354,755
3185,1908
701,942
4037,741
273,82
5013,588
5492,1087
2935,357
1248,2100
4551,2211
5385,1277
3005,1602
48,1481
4966,142
4278,2247
2706,1089
830,2258
1520,1150
1290,1337
2651,982
348,376
915,137
4024,63
2136,1731
550,1587
2007,1811
3337,1311
1283,1146
3393,2077
403,1637
281,2045
588,1698
5451,1426
4962,519
1560,1598
1075,1837
4176,451
841,2158
1206,729
1906,1062
5402,115
5635,2343
1578,2207
2060,1765
160,1789
181,2331
3713,614
687,187
5775,984
4898,647
4373,1545
1433,342
5423,1637
924,937
3821,372
297,118
5582,1750
5016,1465
6177,593
1727,1675
2878,1295
1547,763
2516,207
1864,367
2284,1163
546,1397
32,447
585,1722
3309,2093
4584,855
3517,699
2705,1985
190,830
2534,1434
1062,801
5348,1670
6446,570
5384,192
1329,2316
3795,1023
1901,281
3805,1856
3703,1370
4060,1838
3097,1360
295,906
4761,1415
666,167
2986,623
3691,1932
6190,1022
672,274
984,1969
6492,1478
1259,1338
5808,1810
3462,43
3802,825
3106,2014
412,435
4410,1371
2687,754
2150,1359
6261,1245
1777,114
4739,2137
1273,1576
2136,1731
2976,1859
4821,527
2951,2023
2340,1312
6218,2367
1395,438
1761,731
3223,556
4740,1419
1183,300
770,2066
3118,734
5408,800
4519,362
2329,2155
68,2011
3143,562
5931,2350
2847,370
1376,487
726,2161
3428,1970
752,1586
3554,118
1312,638
5696,1361
4982,74
1131,91
1777,114
2908,2197
683,2365
3769,335
2300,586
4499,74
1104,1781
1026,279
3586,18
619,607
2120,1669
4746,550
77,842
369,641
782,700
414,1495
1984,2127
1340,386
840,2238
2085,836
1544,22
3754,2022
46,2010
3497,1052
644,117
5019,746
975,727
1486,167
2236,1653
5279,1707
253,180
5260,1629
850,2106
663,1092
6228,135
128,422
1634,1760
4714,548
5412,944
3183,949
6137,2012
2926,728
1322,2361
87,1594
6519,380
1442,1196
975,727
4987,997
6204,1069
5460,784
470,2330
5538,988
3835,1991
1526,811
435,2314
253,180
265,597
2934,752
1981,633
1148,1354
3116,1896
3668,867
2198,118
3909,1903
1117,32
3715,2032
2758,1818
1766,1464
5814,1687
5026,286
85,2079
50,1611
4291,539
2362,1420
1822,2091
102,74
5582,1750
5662,1825
5484,572
43,1453
6006,498
3606,741
808,972
4140,2225
276,2123
1879,2319
1155,1676
4788,903
145,443
690,1245
4292,2020
1316,2050
5345,1849
4241,1646
2887,2210
3157,1739
5828,1743
4225,386
2658,1301
2900,1649
2870,462
5646,441
6065,216
1083,2330
6253,396
3461,1875
4571,1305
4591,1249
4252,1300
606,2154
143,883
3820,309
2066,912
5275,2318
4137,523
1803,1071
1951,2258
1763,854
3503,1654
3762,1656
6009,2141
1710,2297
2545,1419
3716,577
5599,1904
1466,1469
696,2293
756,2222
6656,437
2367,1361
5987,2292
5439,61
1455,261
1586,2328
4784,1573
1110,1163
3609,342
197,865
2795,788
3394,387
1429,1773
3043,156
3892,384
715,884
4861,1856
3992,1606
3264,2270
1844,2115
6238,1777
1328,2186
2768,1263
3516,917
957,1481
2781,1573
80,2208
2343,1628
4536,238
3079,1845
5884,859
3526,874
325,2187
2422,2351
2778,807
405,323
5942,1503
4598,1256
556,979
6014,330
323,2230
1138,779
4885,259
3580,1156
4771,1227
3378,528
298,370
592,1241
4684,1636
353,1116
5234,132
3611,8
4837,2036
4990,1277
1808,1841
2324,299
696,2293
2631,195
1319,2268
5180,900
2962,2067
1402,1891
3308,677
1418,764
1123,2031
5345,1849
143,883
858,388
4226,547
365,1174
2262,1813
1814,2161
339,191
4746,550
2081,1380
909,1070
6549,2092
4537,2119
3041,1460
1297,302
2865,1578
2352,1541
77,842
1304,170
1182,1267
5436,1531
4960,1943
5466,146
1148,1354
2228,845
108,844
2224,1066
4024,63
6535,693
630,1218
3673,2215
5138,1815
5502,2153
3133,2155
4169,574
985,2025
432,1217
2124,1135
4957,797
148,1237
9,715
4085,934
76,805
2480,124
4566,1124
5583,960
6263,340
71,16
5067,2350
501,1345
3417,822
4188,989
1184,2262
420,687
4422,853
402,1404
4872,1227
1041,698
1644,370
3882,1510
3363,696
345,2030
2904,845
1076,2088
5118,2166
4156,1395
186,2175
1519,824
3633,461
6071,2167
389,272
151,951
3404,1585
1732,1308
3669,2325
1756,1229
4734,439
2681,806
147,1644
797,2191
3857,690
4029,321
3,1842
1882,263
158,435
5344,628
529,1073
942,514
1736,1074
3168,988
1740,1977
4921,2040
2880,1678
5968,1743
294,2079
2983,1593
5307,534
1296,2097
5424,1412
6661,704
4395,1613
1500,1973
3246,2329
3178,1316
5937,436
3412,904
370,1116
823,19
2345,208
2519,2273
4648,1347
4037,741
4098,528
3998,1167
3288,1092
5764,749
3367,1774
3945,185
3894,1602
96,1081
396,1020
374,678
3324,607
3656,237
4838,1682
4320,1452
6182,1755
3038,1054
974,475
1838,2198
561,953
1031,655
1435,879
1344,2165
147,1644
5635,2343
6549,2092
373,607
4602,774
353,1116
1149,169
537,1110
4517,1143
260,1217
2295,2168
3865,571
5783,72
3105,1901
4083,490
6295,130
2606,132
2192,1330
2311,2088
480,611
2176,1146
4623,163
273,82
4597,1612
4449,1464
3141,1690
1378,956
4468,746
2673,1237
6151,1056
5784,588
566,1133
1642,1395
5883,2023
5462,2087
2073,689
4011,1762
6324,1964
1480,137
3853,1832
4991,1454
4759,54
4599,214
5290,1290
3886,1168
2263,1701
6430,1273
19,1987
341,1405
5819,916
2143,494
762,1891
2116,961
4675,2081
1012,812
4259,1853
3195,399
1032,1757
3537,443
2600,170
5036,690
6062,873
3909,1903
2160,714
6520,1767
1479,1877
4798,178
5221,1734
2987,938
464,1817
2420,733
2754,2050
1703,891
5447,118
5732,48
1642,1395
6218,2367
69,2032
2309,1916
5868,2272
2042,263
271,2284
2272,1089
3059,386
4758,1743
3169,329
3888,1491
1607,1458
4767,2238
306,856
3207,976
3167,2187
3194,1159
5222,1061
1024,80
4538,1082
543,1339
705,116
4119,343
4185,1671
319,1567
1340,386
1533,206
1530,922
1119,451
898,1015
2755,169
6106,193
1390,568
3535,1066
1781,1832
3013,1525
4602,774
5016,1465
1145,2093
6255,1197
4102,1059
5890,247
3556,1234
5046,1588
19,1987
2033,1617
5619,459
809,1960
3455,105
5850,1319
2745,698
4889,1093
463,2277
1984,2127
1958,1588
3209,651
2645,1325
5959,768
265,597
4628,1837
5602,1129
5257,518
4430,1484
16,1168
2703,826
152,717
6344,1966
1024,80
742,961
5576,2060
574,28
5895,2024
2980,1646
540,716
645,2345
1755,1578
266,549
3761,1046
66,1360
6374,2190
4163,1740
643,1042
5866,1996
4187,698
26,246
638,360
3941,515
2297,2274
244,491
3194,1159
5207,1148
2882,1802
4131,870
2064,682
102,74
7,175
2716,310
98,2298
2363,492
3738,40
103,477
4327,1218
5199,1568
2100,993
4382,562
1922,2141
2910,2090
5947,1442
4211,841
3792,540
2917,134
781,1392
5080,678
2576,1400
5618,2211
1920,1281
1279,1563
6614,377
2537,850
5746,1722
3678,1230
3653,1663
1862,988
6430,1273
382,485
6425,1949
4857,1192
2625,148
196,680
499,591
298,370
5784,588
1669,1570
351,1965
4988,2360
706,871
848,2223
2651,982
3219,2044
5466,146
3437,318
3783,1644
2670,1072
3522,2047
2476,377
2034,1585
6014,330
6516,1950
718,1743
1495,1532
4254,929
2074,343
286,148
445,573
3669,2325
3503,1654
1277,544
1271,8
6474,1035
382,485
6481,1166
3108,1973
4687,1668
6001,336
4916,1901
4334,1628
5165,1533
1688,745
6000,2224
1072,1819
1638,218
841,2158
6303,364
4686,1791
3166,1312
3896,81
2099,772
1089,1530
4290,1695
6179,944
1864,367
1037,1969
1353,238
6196,594
1990,2211
5506,1636
1955,991
4829,1715
3812,55
5185,1597
4130,591
4512,1960
4627,2025
892,906
5777,1512
5309,2258
2894,18
635,929
4111,1556
2734,18
1745,949
3467,363
3526,874
1222,1543
3804,150
5524,1256
3769,335
6522,604
2662,1372
3165,1396
6068,1867
3,1842
3317,2301
2808,2208
1151,2249
86,2326
5984,2200
1608,5
1940,1693
1204,1402
4145,967
3263,748
3948,58
2125,1799
3177,1290
997,850
3778,174
3288,1092
4088,903
3178,1316
5814,1687
3790,1787
3617,594
4130,591
3699,139
4819,1128
3795,1023
889,592
5569,72
2273,1421
1109,339
8,203
5879,1600
208,1984
1292,745
3491,1973
701,942
4596,183
2350,1747
4907,2025
2137,1348
811,1088
6370,253
130,1746
618,320
3909,1903
265,597
1865,2078
5994,2312
3316,1792
1270,1772
2867,604
6098,116
1611,397
1895,418
839,1169
2159,1566
4508,753
3214,678
1697,1991
773,877
3177,1290
4986,1131
3976,1887
1386,1660
769,29
917,1773
4744,1592
4251,95
385,1523
4007,1181
5963,312
2581,1886
559,1994
4151,451
3576,2189
5970,1174
5290,1290
2544,1481
74,2041
153,2255
3872,162
538,230
4701,1135
195,1028
4570,212
356,2182
2652,957
3202,1748
43,1453
1182,1267
5841,1384
3003,1373
4375,717
1949,1563
6309,1873
440,2292
718,1743
1715,2190
1156,1174
2070,1052
1180,1219
4039,220
3536,2124
1854,1718
4067,1543
3832,2027
4622,134
5039,1220
279,638
256,1068
4917,1766
3719,572
496,25
1397,1686
747,2147
286,148
2872,1294
129,1975
6451,344
1620,2169
5174,1322
42,1019
5694,1978
320,1996
4060,1838
1873,1025
3994,2190
362,872
4880,2315
5698,995
222,1515
6006,498
1241,1514
1276,1854
2508,1363
1088,130
2607,1376
5839,251
787,2094
1437,567
4210,1847
848,2223
5324,1260
443,2268
1083,2330
332,1464
3858,925
3368,1222
1796,1452
3133,2155
5122,831
6075,2312
2449,261
1510,369
33,337
1513,434
1820,345
5840,2248
1911,455
6564,1651
2585,1666
32,447
5689,1989
2615,370
2674,1060
3895,346
3338,1789
4332,1502
3227,1453
2023,293
1869,473
6114,1374
1867,1383
2938,1503
76,805
3402,923
3728,546
3712,1688
6580,1179
2796,1039
4641,1201
346,1639
4678,1121
5770,1063
6107,1047
6293,347
2593,2152
2428,288
2125,1799
1380,2305
6485,1561
4252,1300
5874,1543
3187,688
5962,410
2281,337
5564,1361
31,613
2440,567
5269,1913
1687,1406
1596,1222
2573,540
6142,1559
5265,278
5847,2361
69,2032
3268,531
1187,1361
6248,1624
3422,1885
3553,74
817,1412
2235,1204
5691,167
5481,2107
604,1520
1010,796
1531,1288
5855,2070
4198,1902
4006,1045
255,997
2423,664
2242,593
2652,1615
1929,1383
2777,1959
5975,430
2720,690
2236,1653
5518,1950
1477,829
4080,310
4497,1460
5284,1081
5531,690
2496,1929
3764,1041
2753,1130
1993,21
4315,326
4564,1233
1896,2137
6135,530
3123,483
0,27
5895,2024
4703,113
2032,2020
4878,1447
6145,1764
3494,1081
18,1694
3057,228
905,957
2357,923
141,2040
3487,132
5106,2073
111,1271
771,731
1154,721
2695,1189
4776,146
5873,1981
920,319
516,753
4122,622
1361,1052
3760,1670
297,118
2043,494
4272,7
584,1706
2410,1648
1871,517
2941,2183
241,459
24,1272
1694,2307
1004,853
2886,965
3814,653
4034,2203
4685,847
2647,32
6147,1583
5703,357
4123,2322
6491,959
515,1137
5905,2341
1643,1291
769,29
4838,1682
1387,637
3094,1720
3042,521
3629,1590
57,90
5459,418
5330,1898
6641,1489
3858,925
6434,2235
891,1247
4848,2182
3805,1856
3768,1667
1621,9
3629,1590
5154,265
5529,1969
3139,752
1626,2251
1980,1873
960,2238
886,687
566,1133
4,2229
172,2019
849,850
5033,730
2603,2331
4579,1451
3967,1004
6164,2212
63,520
4199,739
10,718
1743,2177
1591,706
1405,1811
4370,790
1858,100
1172,1861
871,570
5350,1543
2292,150
3861,664
4333,642
979,1672
2018,1265
3881,156
2315,548
3474,2107
290,554
5241,279
1088,130
17,2309
4162,440
620,1033
2459,580
6135,530
5788,431
1419,1213
2487,782
2957,894
1380,2305
86,2326
2508,1363
595,117
833,2366
1816,2171
2689,105
6604,594
2238,1806
1590,1141
1002,1860
6060,2227
5468,66
5645,637
2519,2273
1553,760
2042,263
3677,875
1301,1725
6339,1335
4953,1254
93,2365
2808,2208
163,1282
5477,105
805,1770
3235,1408
2630,562
1303,993
85,2079
1870,1401
3493,1109
5727,1229
459,2338
5924,1124
3609,342
6006,498
3953,1180
843,1577
6535,693
6311,689
5295,1746
1574,667
405,323
1313,1264
3340,190
2867,604
6156,1655
1293,442
714,378
2619,486
2048,1791
575,435
2451,25
1804,1698
605,1228
2851,1810
1599,620
1355,248
3052,1208
1160,1243
6526,725
451,574
5346,996
224,2020
1353,238
543,1339
16,1168
6623,1656
4547,875
2313,532
2532,1061
465,40
2579,1960
686,2139
3720,9
3794,258
4739,2137
1054,1349
1311,583
491,1049
1863,2203
814,457
895,1280
2942,2063
2175,1036
780,1542
78,1200
4697,730
1259,1338
2580,2206
1816,2171
6655,1899
535,52
4336,803
737,2188
487,529
3075,539
6632,1856
6118,2089
55,1143
4488,2302
263,958
240,676
3352,45
641,290
2515,1976
809,1960
2004,1100
2592,580
457,1242
1049,1813
1790,400
4468,761
569,270
400,499
851,1370
5683,35
2944,176
5729,1953
1436,222
490,2048
2828,2261
2912,431
2524,283
746,1170
3556,1234
3738,40
3807,936
4678,1121
3842,1153
5232,191
2432,2158
1121,1083
1064,1728
5814,1687
6603,189
4005,298
6135,530
4813,1423
1733,1401
24,1272
1015,1858
2261,1218
3651,823
538,230
4538,1082
2484,2056
1376,487
2690,1345
212,1376
1412,296
1058,468
1397,1686
84,916
3527,1272
5623,1569
5291,1472
1616,1881
1220,2365
4240,1124
2046,457
5552,439
2305,2192
3863,1355
1336,156
3160,442
1546,2168
4104,2226
5803,2203
1731,2163
5893,942
3193,343
207,1591
3226,46
685,313
2468,2367
5032,2356
715,884
6288,654
3006,387
4144,2058
1323,672
977,1099
4659,625
1858,100
856,1026
327,408
54,1893
2750,1888
5252,1772
5028,1929
1017,514
1001,403
2083,721
2075,1556
73,778
988,1316
4398,183
343,1795
505,2279
2744,985
6420,2108
4418,1562
4915,922
2724,765
1648,533
1338,368
5423,1637
2944,176
1311,583
1101,1584
5283,1443
1339,1867
4575,293
235,1758
72,666
5439,61
3944,747
3045,865
4481,827
174,732
8,203
4701,1135
3776,2224
1809,251
2360,2222
2287,1100
3145,1598
4476,1949
4490,2303
1147,1160
3150,1613
3416,1459
845,11
4772,674
5656,963
4973,101
5709,22
3735,1659
5037,1163
5737,1184
6633,2005
926,52
3206,742
5562,2153
476,1772
2192,1330
2981,1907
1172,1861
4767,2238
1460,2022
304,2135
1500,1973
2353,47
6107,1047
1421,1756
806,1220
4367,1053
669,2017
4181,225
1924,948
4078,1452
2891,1356
2250,1881
3394,387
6069,839
584,1706
1049,1813
5671,731
6013,1573
5620,1023
2252,684
1368,1596
1345,1378
1227,212
2827,1416
1183,300
6544,708
417,1072
1460,2022
2678,610
688,1670
1176,1397
5231,2349
1951,2258
6533,681
2600,170
3933,223
4317,771
3924,829
2764,2039
2922,189
2291,904
2942,2063
5655,1930
258,231
5026,286
6191,1159
1823,1794
1570,769
3046,455
864,979
2712,125
2638,361
2759,1785
1537,763
5608,1163
3209,651
1855,1976
3357,2005
1589,1779
120,392
5328,1566
5615,1079
3468,1310
5791,704
3178,1316
201,92
4917,1766
813,1385
2525,1700
2112,490
1297,302
6545,730
1125,1006
1854,1718
2029,2344
1207,1569
5542,927
2079,2332
2405,2041
1171,574
3810,1835
5112,300
2858,2199
1334,1997
616,839
3125,1348
1415,937
520,1474
119,2057
370,1116
4884,2200
3997,949
2842,1965
2825,2252
3768,1667
2341,2100
5675,800
4397,447
252,571
243,2369
6,1598
3227,1453
3971,968
2225,615
4707,2364
6448,1763
117,566
5208,379
3220,789
5715,62
655,1200
1999,906
1304,170
5474,105
4297,2265
5401,548
5557,1137
3105,1901
4004,1809
3824,2177
156,1050
3458,2217
3617,594
1694,2307
47,1877
3291,905
2985,935
6584,2066
0,27
3368,1222
1347,1673
4565,394
1844,2115
1482,2210
1137,810
1560,1598
5643,339
6600,2105
5680,1199
2800,2296
1775,76
3547,683
3581,61
475,350
3239,377
6059,2189
197,865
5045,977
1282,97
4131,870
3053,2201
1232,230
3228,1506
2870,462
5465,1912
2843,1840
3161,463
3167,2187
1333,1800
2056,2129
672,274
4503,1747
3585,122
5365,682
833,2366
5013,588
2217,211
2546,1035
4814,1941
2748,801
3142,1338
5493,343
821,1197
2521,1423
5574,289
5133,1234
3286,967
9,715
3793,627
6207,2343
1282,97
1108,1018
4323,2066
662,1632
1050,1103
2038,591
652,808
5350,1543
5169,1005
4615,1408
1544,22
3989,411
1863,2203
1814,2161
3545,637
2108,759
4222,740
893,1617
113,514
552,1131
5337,1123
1977,1377
4238,1405
3318,943
521,1585
3725,1830
4121,1236
3787,1084
3726,1905
715,884
4357,684
497,588
1939,1787
141,2040
253,180
1138,779
848,2223
1335,466
6504,2259
5419,1059
2976,1859
1297,302
1460,2022
1014,931
1044,1793
1186,2348
2141,1106
626,115
1068,489
1348,2083
1931,753
3380,263
574,28
2156,1384
2875,370
3877,1999
1080,1854
1499,151
4871,999
947,322
3291,905
5307,534
4566,1124
2432,2187
2363,492
2074,343
3858,925
2459,580
2013,2175
6377,1050
1145,2093
2718,1285
2020,1893
2751,1754
3965,1982
6430,1273
2498,1607
1771,2231
5109,722
5,1170
38,616
3981,1626
3518,58
5184,40
3021,986
4472,100
801,2034
6180,211
2328,2234
4107,623
1448,87
3967,1004
3084,1432
1497,472
4049,584
2948,2151
164,238
1048,436
6261,1245
591,825
689,1109
893,1617
659,189
685,313
3521,516
1663,804
2005,758
2021,855
3541,2052
4685,847
4647,2207
6118,2089
6427,811
4050,1982
4678,1121
2802,1571
2204,460
2313,532
5740,487
4482,2064
139,1087
4911,1416
5527,2311
4721,1324
1328,2186
4811,1129
5577,1555
4355,796
799,1513
1282,97
1670,673
3857,690
4947,433
360,69
877,1465
1148,1354
4764,1320
2045,1350
1395,438
1945,1180
4344,27
574,28
1909,1067
4806,544
3980,2253
3446,253
650,2291
3197,1571
4949,659
1614,1628
2893,117
4874,280
902,1682
3933,223
4103,494
14,2064
462,1395
3054,915
2384,1302
3075,539
1241,1514
230,850
2446,844
2671,2021
139,1087
4135,594
4317,771
3834,1059
311,577
6235,492
652,780
1337,1389
450,1778
1478,1993
267,1250
1997,440
1866,29
1670,673
5113,734
4497,1460
1303,993
1095,517
1913,964
905,957
4612,1362
6101,650
6507,479
508,1052
3484,867
6428,800
5933,2160
6563,480
5829,603
1740,1977
3805,1856
170,506
1025,452
682,1610
5584,2081
5598,297
3741,1978
3613,19
3144,1733
2071,1615
3204,831
6476,859
2478,1413
3618,1139
10,718
5086,2230
6132,2123
2591,696
1341,1708
5261,2089
5371,2045
5758,768
1731,2163
6171,808
901,587
5327,1958
2907,1521
2272,1089
1279,1563
9,715
3068,729
5130,1355
4906,1923
4586,141
3493,1109
1372,1292
2589,1189
5490,205
2365,818
2581,1886
871,570
2856,903
5948,661
4574,174
2757,5
2430,2228
1075,1837
3423,445
802,176
5931,2350
553,1100
5634,623
1809,251
548,1520
2990,2305
4816,1621
2505,1504
1784,1580
3640,1163
380,229
33,337
337,2070
968,714
2643,651
1310,909
3122,954
5179,1284
3778,174
5303,1646
667,2150
4295,69
3572,1094
4620,148
6418,2028
131,192
1762,681
3007,1293
1524,708
1764,730
1746,2189
324,452
2013,2175
920,319
1173,2144
2542,1694
3174,461
472,608
2981,1907
1837,2003
2212,765
3543,1425
3719,572
3634,411
4321,1704
2041,1016
2,852
2219,769
1318,1003
4780,597
1048,436
3398,1625
3141,1690
2026,158
6045,1666
1087,2178
3828,172
3282,492
758,1559
1029,1077
1333,1800
1918,290
365,1174
3194,1159
6242,2125
6408,1688
1288,78
5403,489
5756,1769
6333,2032
3835,1991
3863,1355
4427,1131
301,2213
3048,1526
4559,1805
3592,1778
874,1587
1569,1844
832,1680
4068,1755
3150,1613
660,1724
4541,1
851,1370
1202,2229
5704,2305
6312,744
4258,452
4346,2191
121,2069
1041,698
2776,275
4916,1901
3610,1151
219,708
3801,1097
1103,829
849,850
4450,462
257,48
704,2030
265,597
15,2170
4541,1
4892,608
4708,1004
848,2223
244,491
2399,404
3372,2082
1262,1920
5219,995
1344,2165
31,613
1958,1588
151,951
723,1858
4223,1493
6623,1656
498,1000
2363,492
3117,1648
1951,2258
1716,367
1932,2010
1968,700
3786,2027
471,2061
5412,944
2830,137
2209,592
2270,1570
4050,1982
5609,887
2137,1348
626,115
1395,438
4972,1210
453,607
4117,1630
872,1671
5600,676
4503,1747
4119,343
2101,1140
1616,1881
649,1533
595,117
1609,1061
3603,791
4841,999
448,2135
4177,761
1997,440
5188,1910
1768,2239
4169,574
1046,702
4989,2060
5406,1497
3118,734
4758,1743
2257,1348
2414,2184
714,378
1253,442
4787,251
4943,373
649,1533
4649,952
1126,1623
5354,1176
1625,1914
6311,689
2057,1335
1683,2239
1962,1520
2332,213
4708,1004
5211,5
6353,1162
489,1176
2283,632
1282,97
5702,1153
5789,399
1709,1071
1379,875
1306,1733
977,1099
5542,927
2754,2050
2683,1072
5143,449
4690,1358
4140,2225
1302,810
4006,1045
6338,1050
999,729
5970,1174
187,679
4878,1447
3621,49
3240,1727
185,1768
449,1445
242,1415
5530,1064
459,2338
3685,1065
6435,1062
2940,1891
4187,698
4354,2149
2555,149
4226,547
761,1343
3975,670
2875,370
3891,1416
4016,2159
3301,129
4317,771
3143,562
821,1197
132,2232
6299,8
1836,575
1032,1757
1139,2244
3400,229
44,346
1255,921
2111,2342
3936,212
3412,904
190,830
334,1709
5401,548
5810,1241
397,904
3064,1810
6398,1834
1334,1997
2088,1128
4345,1782
2117,469
3732,889
5679,1786
4263,22
1886,2253
5522,2151
1128,1233
6091,1364
1316,2050
2476,377
5836,269
2659,596
2024,260
1943,966
3103,497
3697,484
3026,1510
812,120
5847,2361
1989,500
1843,1433
1082,494
557,1560
241,459
2995,1941
233,667
1056,314
1361,1052
6117,862
5768,1245
694,212
4164,2341
2978,1442
2895,6
1713,1134
365,1174
4244,1181
3290,1554
1847,1198
1615,148
617,1468
1680,1018
4636,1519
1901,281
4126,2209
559,1994
1919,1130
5653,525
381,1211
5679,1786
6416,1839
3584,1165
5451,1426
892,906
874,1587
2580,2206
3779,1176
3006,387
1677,1390
876,681
5965,884
4959,2316
5764,749
1282,97
2349,1588
6502,2210
4891,336
1674,999
140,1948
2210,15
2576,1400
5207,1148
5237,1015
4014,634
100,1431
2836,1912
3133,2155
731,406
180,45
3559,933
1109,339
1096,608
5083,256
4075,2052
65,1039
1039,76
5057,1564
6247,53
457,1242
63,520
5376,2
1952,638
2192,1330
381,1211
5419,1059
2726,2272
6192,1598
2550,1077
692,946
1651,671
790,952
1680,1018
4840,364
973,1620
3890,2088
447,163
6084,820
6082,1184
6094,99
2442,452
4714,548
1359,1121
5966,2024
5192,1010
49,1837
128,422
3881,156
2575,772
1111,79
3315,2056
3110,144
712,1999
2503,178
4848,2182
6156,1655
12,797
5678,1188
5396,635
2755,169
720,1438
4308,50
5224,861
983,943
3095,110
4051,512
3341,172
804,1111
2256,697
3452,1070
1276,110
2148,861
5769,791
1413,1954
2931,718
958,731
3664,379
1129,1307
1558,1176
3066,2280
2573,540
909,1070
834,2302
4136,489
6016,1435
2899,149
1435,879
4860,504
2709,1940
1619,1240
661,1991
1390,568
2084,1242
2686,1160
5907,133
2868,1916
5087,848
5323,1768
236,2322
6216,1368
4553,543
2522,1927
6431,256
1836,575
404,372
1747,1134
1616,1881
399,864
2976,1859
2785,519
5397,7
1228,220
3152,1585
5177,889
2694,962
1247,611
6061,379
104,621
232,1191
930,2352
5620,1023
344,2165
3325,676
4493,2368
2634,433
1,1198
5445,1208
3858,925
1716,367
3216,2092
302,1503
2510,293
2251,554
870,1145
1579,1851
6213,870
4329,329
775,1138
2249,1434
2540,77
2900,1649
3936,212
294,2079
1670,673
1734,2247
5512,1229
6529,1340
6377,1050
4359,1051
2390,842
1721,730
994,1284
2422,2351
5590,625
5819,916
2029,2344
1706,516
1332,178
1482,2210
3352,45
6454,617
5210,1846
1867,1383
1113,311
998,237
1550,1560
3921,2181
1891,1718
6302,1507
1647,1752
119,2057
1136,1716
3980,2253
341,1405
5777,1512
1234,454
4925,1135
1733,1401
253,180
2848,882
4346,2191
2413,1523
1448,87
4406,347
2073,689
1903,1923
4858,2181
4146,595
2955,297
700,2056
124,1501
212,1376
5785,1228
5303,1646
5311,1694
1723,636
4123,2322
4119,343
4657,1122
4448,1330
3058,175
1219,1496
1881,1303
817,1412
4181,225
5760,1871
2084,1242
6241,661
176,417
5809,2241
1555,1085
2212,765
667,2150
2952,186
3841,2176
5979,15
3018,289
6281,649
4884,2200
1336,156
2261,1218
5817,1360
4547,875
1962,1520
128,422
4442,2154
1192,335
1339,1867
2301,781
1943,966
1034,2144
6642,220
3866,288
879,2078
378,63
1946,1316
965,2168
5064,1867
2888,1255
748,2023
770,2066
1947,2227
1521,531
1169,1685
249,1161
4436,712
4096,1288
3782,1346
20,294
2011,1843
5868,2272
1866,29
4931,2143
1299,1472
6320,1808
4044,666
1006,1066
1301,1725
92,1107
636,1119
732,2078
6084,820
319,1567
6263,340
1318,1003
2269,1751
5060,1199
230,850
1407,654
4045,214
1,1198
1561,2233
2449,261
6289,1592
924,937
5155,2090
5658,1841
4330,1177
213,1541
67,1879
21,1833
1593,1802
1579,1851
2494,962
1271,8
4313,1432
2054,471
1740,1977
3697,484
996,1183
17,2309
3556,1234
5571,1803
3768,1667
1861,2192
909,1070
468,384
1494,396
3686,984
2240,2359
4580,2118
1979,2334
3741,1978
3327,1279
235,1758
131,192
2883,426
3890,2088
3487,132
1119,451
5715,62
2800,2296
3588,1303
3199,1792
171,1399
4704,842
1710,2297
3042,521
6380,176
4746,550
237,444
427,2204
4158,319
2313,532
165,1053
1544,22
3892,384
1675,2226
1002,1860
5418,2139
5835,626
1261,557
5499,1182
2573,540
3475,871
5918,462
1247,611
51,2064
745,2274
498,1000
724,894
1401,369
3752,848
585,1722
3403,901
2709,1940
5232,191
6279,1179
859,2261
5266,951
3190,1670
6516,1950
6371,2259
3013,1525
2476,377
2882,1802
1249,1363
1376,487
1555,1085
282,535
765,2110
867,645
308,1546
3819,1486
5202,1536
808,972
118,191
828,736
3416,1459
2820,1136
6557,729
6517,1452
1784,1580
1792,453
4088,903
5797,1935
3486,2086
4652,155
900,960
1852,2262
2160,714
2072,491
1582,1754
2361,1840
5042,2122
3907,2349
6048,417
2822,1770
6139,1236
2154,2279
3981,1626
1673,790
2027,405
2633,1389
152,717
4376,1787
5783,72
1506,329
4281,798
137,699
3976,1887
11,2208
665,1764
6456,709
1577,757
4955,2206
4574,2199
3549,1990
2438,1588
544,1559
1138,779
2015,1809
701,942
1243,2368
572,1647
2561,750
2135,816
926,52
707,2351
1005,1490
1123,2031
4056,286
5601,2154
4512,1960
3556,1234
2702,1658
4296,1307
4899,1248
52,1603
3563,712
6142,1559
3031,433
1719,2309
349,2180
1829,130
5160,326
1204,1402
1120,2129
6465,1095
5191,634
2786,682
1602,301
2987,938
353,1116
1248,2100
2133,787
2629,2229
5739,1435
313,963
2083,721
1016,2323
323,2230
4747,694
649,1533
4984,2142
2016,872
524,1296
2106,990
4424,2293
5325,441
3226,46
665,1764
3068,729
839,1169
5571,1803
799,1513
4342,1223
295,906
3743,1530
960,2238
5884,859
5598,297
4921,2040
4699,1801
1586,2328
470,2330
2465,1679
5604,1323
5996,1815
6554,1748
1469,535
1771,2231
2043,494
690,1245
3042,521
4674,2262
1380,2305
3471,577
3078,89
1753,552
1978,353
1283,1146
6142,1559
4618,772
3078,89
3788,724
856,1026
2905,558
244,491
6498,490
4099,691
1849,1484
3,1842
2383,2142
3063,1885
397,904
5402,115
256,1068
1382,1317
2680,1514
5553,210
1783,615
2969,2353
4565,394
3939,2319
4263,22
6058,2264
3335,1657
6477,1173
490,2048
3223,556
2840,403
5824,746
3343,2081
3683,2144
1078,1554
260,1217
317,1293
432,1217
4024,63
2814,1160
793,1018
6314,2250
3126,1246
4443,915
3634,411
2102,703
3417,822
5771,1348
2379,1521
995,929
4902,85
307,1696
1241,1514
43,1453
4351,2309
372,687
5974,929
5019,746
2524,283
2162,966
635,929
3527,1272
2333,975
914,1445
1317,505
949,1483
5061,1385
5017,971
129,1975
6573,396
846,2061
3416,1459
2839,837
168,1086
2049,802
32,447
6413,407
6152,66
78,1200
4172,561
5057,1564
712,1999
1536,1714
1918,290
5344,628
1651,671
43,1453
4464,1212
133,2169
4870,455
4862,763
4218,98
1152,657
2981,1907
5033,730
3882,1510
408,1647
2105,1703
129,1975
1674,999
3773,2029
320,1996
1297,302
283,77
2102,703
4090,816
1526,811
64,2011
1178,1107
4154,2360
4086,1251
1818,453
5299,2184
5451,1426
3587,243
1356,1371
690,1245
36,2011
188,1853
1044,1793
5665,1251
5179,1284
4824,1840
352,118
3500,110
5715,62
228,1869
4521,1157
2651,982
1123,2031
4221,275
93,2365
1252,1024
3153,85
4620,148
2173,1114
5507,1457
6487,1422
2019,2221
1282,97
1623,1769
3837,515
4422,853
3860,1045
1543,1590
668,1534
3530,1820
3477,1186
4449,1464
4144,2058
239,1616
2112,490
181,2331
845,11
4921,2040
3677,875
4069,1663
5963,312
2277,364
5942,1503
2547,1129
219,708
36,2011
2445,1422
349,2180
5693,159
1255,921
5797,1935
5782,259
2563,65
4325,467
2040,1837
2098,2120
6308,144
5192,1010
6539,195
1173,2144
4949,659
3551,1128
1195,753
1972,892
2676,190
3829,116
1345,1378
86,2326
1543,1590
3213,231
817,1412
5141,1944
2912,431
1087,2178
3454,1018
1079,186
230,850
5689,1989
5532,446
1838,2198
1198,2223
6101,650
623,932
3031,433
372,687
1412,296
1163,419
105,402
5344,628
2605,684
3177,1290
342,834
1218,1309
5170,625
3696,201
1248,2100
398,1872
2347,2261
5901,1841
3695,748
685,313
3170,2023
1460,2022
2679,1034
55,1143
5514,73
4199,739
6068,1867
3516,917
3082,2146
1534,1519
2454,1828
843,1577
1273,1576
3208,2014
2173,1114
5766,2045
1598,2208
3082,2146
667,2150
1583,50
4082,1358
325,2187
3944,747
731,216
3208,2014
6052,598
4194,705
377,1494
2279,1276
587,199
3612,806
3093,116
4498,1848
6514,1174
4159,682
253,180
3890,2088
1579,1851
1095,517
3490,786
4365,29
5038,1313
1197,1257
5914,72
343,1795
5542,927
6298,2108
5083,256
962,635
1987,1693
6367,158
3285,1249
1721,730
545,2077
298,370
236,2322
2650,1418
552,1131
4061,2243
2552,2175
1579,1851
4131,870
1310,909
2323,1203
5771,1348
1924,948
4620,148
3818,955
800,1334
5227,1881
1770,131
1046,702
3266,2164
490,2048
693,1521
1917,10
1574,667
633,1802
4544,1835
5338,1017
4814,1941
1965,1779
2177,675
2392,64
2617,1151
588,1698
4933,975
6030,2160
155,311
3461,1875
1871,517
947,322
1831,956
5482,1080
3662,293
1516,536
1710,2297
2247,490
279,638
6148,2110
11,2208
6366,2091
4202,2236
2536,1635
6494,1605
3452,1070
4906,2204
141,2040
4412,2020
875,947
4564,1233
4647,2207
1054,1349
1771,2231
5913,645
1607,1458
1553,760
3131,1659
408,1647
2680,1514
2719,2077
4632,374
1480,137
5497,881
2484,2056
4930,530
837,2250
1382,1317
4600,663
805,1770
5214,360
2762,2149
5424,1412
1868,1171
2278,607
4672,222
959,1383
742,961
3321,121
1568,570
216,1544
1394,463
5814,1687
5501,582
4719,445
794,1241
2,852
560,615
653,1876
608,45
1136,1716
6171,808
3513,793
2545,1419
3587,243
5714,1531
2524,283
3442,1722
2312,1092
1138,779
2136,1731
1380,2305
3817,678
1562,2186
2061,1097
1955,991
5958,2233
4786,1542
3534,1533
618,320
5613,2362
67,1879
387,1050
313,963
5902,898
1724,1354
1898,82
2791,1879
2424,2184
3110,144
3687,1945
971,1391
2064,682
432,1217
3541,2052
2314,3
3814,653
232,1191
731,406
1064,1728
2033,1617
394,1484
4077,756
1579,1851
105,402
1731,2163
125,2291
3547,683
4840,364
1984,2127
780,1542
2616,2186
3313,231
984,1969
2424,2184
6345,1206
751,571
3238,1668
732,2078
6142,1559
5923,673
5892,1926
4828,525
5872,1160
1993,21
196,680
5358,947
2280,357
181,2331
5237,1015
6661,704
2241,1057
2832,253
4286,2194
4745,2035
1535,1087
526,506
1324,1498
1405,1811
3379,593
6143,583
1923,1723
2664,830
2635,669
4098,528
2380,1450
4823,707
4407,609
6252,832
3372,2082
1047,1080
1815,1050
1648,533
19,1987
1382,1317
5914,72
1076,2088
6511,2359
934,530
220,1356
2141,1106
3735,1659
4821,527
1738,1978
324,452
103,477
2595,1315
6354,1364
5119,564
1774,620
987,752
3534,1533
1102,161
4407,609
5279,1707
659,189
185,1768
2963,1813
3224,925
1982,669
2838,768
5493,343
806,1220
2071,1615
6375,1442
1931,753
3168,988
6100,346
3578,777
5096,270
3963,1206
3279,2254
5456,1119
1893,1583
1778,1241
1305,2149
431,320
210,2051
4460,1744
2150,1359
598,719
2154,2279
3309,2093
725,86
3975,670
364,2292
2508,1363
4063,1254
5796,2137
55,1143
3547,683
750,65
2100,993
3469,1019
471,2061
3075,539
6114,1374
5302,1440
1310,909
4402,1068
1054,1349
6569,37
4985,1086
4407,609
1513,434
193,2118
1647,1752
3753,1991
3940,2050
1699,972
1382,1317
3246,2329
1083,2330
5962,410
715,884
3186,1672
4352,2062
179,95
4028,2208
4963,2146
3070,297
101,2235
4695,810
6031,1799
6184,1948
4384,498
1633,1106
335,1091
2341,2100
2607,1376
1622,1118
261,2351
5165,1533
725,86
6207,2343
286,148
2263,1701
410,497
5527,2311
6256,1358
4158,319
3156,808
4166,554
3021,986
1666,593
379,1379
3057,228
257,48
232,1191
2828,2261
4768,1903
5943,1981
6183,2236
3621,49
414,1495
5524,1256
5602,1129
1635,1699
3389,197
5289,1003
860,534
1318,1003
1131,91
4390,144
3260,580
9,715
2733,1040
2474,2070
1563,1202
4339,316
231,278
1958,1588
2975,486
1534,1519
4831,1128
3901,569
899,1542
6029,1791
1075,1837
5427,1024
747,2147
5628,646
501,1345
6302,1507
4171,1652
6114,1374
3456,437
2064,682
3113,841
620,1033
721,2268
117,566
2446,844
2499,2253
5742,772
1115,1217
1204,1402
1910,1117
2134,513
1264,1209
1159,1232
2995,1941
2977,1225
6412,554
5116,2034
381,1211
267,1250
63,520
1413,1954
3942,2050
2307,747
1772,566
3650,2242
1541,246
3799,2232
3004,678
3024,1443
5723,1998
6299,8
744,2094
6279,1179
4497,1460
3848,950
3199,1792
2848,882
793,1018
3766,1969
3686,984
5902,898
3581,61
3500,110
5358,947
5710,1282
332,1464
5380,820
6074,2271
5085,2036
5128,1659
1055,1274
4411,1408
1465,1008
5670,962
99,1557
5942,1503
376,2191
165,1507
2189,871
6410,1453
1496,2083
5500,1100
1924,948
2150,1359
2098,679
583,747
66,1360
5885,1386
4033,34
6128,721
4893,259
3159,995
441,934
1955,991
904,788
3378,528
2338,1712
5109,722
481,1137
6022,1876
1815,1050
5701,709
3957,1948
5215,657
2499,2253
2598,251
170,506
1658,2114
2835,1497
3572,1094
5999,730
3791,763
5469,775
735,2123
5636,1789
2186,2169
5960,209
4752,98
1343,309
1933,213
727,1393
3204,831
1038,35
2220,2361
3877,1999
2349,1588
2234,1676
3797,1283
2628,1001
1191,1340
3676,514
4563,2314
1983,2228
2767,1283
4048,325
451,574
68,2011
1518,1855
4818,206
3622,1285
5744,1880
1922,2141
1590,1141
616,839
1043,1213
365,1174
1343,309
1354,405
636,1119
3294,2005
4416,1779
4910,1110
1256,1168
1569,1844
1083,2330
1829,130
1176,1397
86,2326
5543,487
1472,2328
2265,2358
1250,1534
2345,208
1821,34
3010,1835
6209,235
144,918
1796,1452
2836,1912
1875,240
5644,267
1224,989
2939,1668
1567,1652
3873,1000
5014,876
4029,321
774,1806
3515,2277
5039,1220
1728,1461
3070,297
4259,1853
4483,363
5013,588
374,678
5179,1284
4311,127
2383,2142
3509,1671
2412,72
2901,1004
270,1535
2468,2367
2258,1433
2938,1503
1108,1018
580,908
939,2285
3071,1938
4344,27
6602,2075
62,228
4090,816
6377,1050
2264,889
2798,1146
3586,18
77,842
1655,866
1732,1308
4987,997
2912,431
5898,1355
1929,1383
4805,2289
3964,844
1301,1725
1100,1651
4688,1442
1862,988
1686,323
4201,216
5414,747
1910,1117
2517,207
1324,1498
1307,282
3764,1041
2157,1506
1985,276
692,946
5959,768
6344,1966
852,845
189,454
2020,1893
2101,1140
530,1368
2245,1215
3785,1617
1329,2316
670,191
916,1238
781,1392
2699,1939
5458,80
5571,1803
1943,966
2450,222
1155,1676
3811,1336
1029,1077
1985,276
5930,2139
2517,207
2462,2222
5132,2265
1734,2247
1225,1996
5798,2283
6451,344
5443,1416
1671,993
773,877
2197,2201
6473,1491
6169,1589
3800,219
733,1023
1175,2309
3116,1896
5246,666
536,2093
736,1286
141,2040
1748,1527
405,323
3088,2258
4802,991
4360,1276
2107,794
2620,344
4826,1143
3851,2137
2016,872
2818,1305
4119,343
481,1137
6277,1430
4599,214
2785,519
296,371
5110,651
1354,405
3875,597
2833,714
1567,1652
1603,1946
5090,1040
894,1120
5315,1120
1555,1085
5895,2024
3762,1656
23,717
1128,1233
5332,2220
1275,751
5444,1197
5478,1269
1960,1688
1431,689
1796,1452
1095,517
4484,1589
5311,1694
3009,504
6417,1174
143,883
2776,275
4817,669
1168,2102
82,1870
228,1869
292,1809
3814,653
78,1200
3200,1760
5189,2317
6189,1387
1637,999
995,929
4447,2007
1643,1291
4943,373
1581,390
645,2345
4550,924
3645,329
1781,1832
1304,170
1701,2355
1209,722
1032,1757
5123,353
3477,1186
5014,876
6233,969
4869,252
1151,2249
1325,1323
3213,231
4719,445
1078,1554
4159,682
313,963
2384,1302
4394,1555
590,14
5222,251
2153,1467
3794,258
4206,296
2469,1968
1259,1338
1566,361
1703,891
1900,1021
1632,307
1478,1993
517,957
1801,1673
2552,2175
1935,1591
2446,844
6307,1313
409,1356
4077,756
6214,1715
1253,442
4460,1744
4258,452
6133,1256
914,1445
3609,342
5278,2103
1742,217
5704,2305
3994,2190
4733,2020
2105,1703
116,1452
2208,204
1164,2293
1924,948
258,231
961,404
5258,268
6660,2083
3407,987
4156,1395
6122,374
4235,1342
2970,2340
2544,1481
5450,1556
261,2351
2236,1653
1654,672
2900,1649
0,27
836,1030
2673,1237
4427,1131
1773,504
3617,594
253,180
6652,1158
162,1604
1820,345
3444,2363
4379,300
1226,644
389,272
2158,1408
3719,572
696,2293
4128,1408
5835,626
1842,907
908,901
2824,1776
5812,118
5954,207
4789,1120
1179,1904
57,90
4818,206
4107,623
4784,1573
1380,2305
2507,1190
269,549
4685,847
5197,1942
3774,664
4180,591
379,1379
4369,877
4009,576
316,934
2854,1078
6265,1940
4832,1741
3685,1065
53,1829
4894,1049
6089,2085
300,1482
5667,985
1691,126
1740,1977
6523,2294
1611,397
1395,438
2651,982
5933,2160
2,852
3553,74
234,717
1628,826
1979,2334
4404,2129
8,203
3679,879
6151,1056
2025,2358
2635,669
1541,246
162,1604
227,1169
2270,1570
3077,1467
1113,311
60,1109
6087,2336
5644,267
1852,2262
1880,883
1505,880
1183,300
1742,217
5389,2244
575,435
240,676
32,447
5610,724
408,1647
1791,565
5958,2233
4048,325
432,1217
1816,2171
759,1096
696,2293
5152,1656
1582,1754
38,616
751,571
4703,113
384,1113
3251,1987
2322,354
3810,1835
479,1393
1694,2307
592,1241
2588,1224
2398,1981
436,2253
5204,2061
4103,494
6097,128
4285,2172
1020,1238
1623,1769
4250,352
294,2079
3637,345
536,2093
1739,525
2753,1130
72,666
4707,2364
1572,1931
6032,2191
4948,2213
3273,1623
6571,357
103,477
5627,606
2696,375
3749,762
763,474
286,148
5655,1930
281,2045
5442,2139
5308,1034
5296,1194
1430,1864
5007,901
2690,1345
805,1770
604,1520
1093,301
4065,1609
295,906
5646,441
3858,925
2072,491
1942,1686
1148,1354
5599,1904
40,2161
1392,2233
1521,531
1179,1904
4022,1890
4131,870
1966,1416
2280,357
2060,1765
1236,338
2092,348
5813,398
803,2139
4024,63
5447,118
4669,909
627,858
5438,1228
69,2032
1223,1286
2483,808
4461,760
3878,1383
4363,1543
5932,1694
728,125
3811,1336
5773,284
5086,2230
1618,2149
3446,253
843,1577
639,238
958,731
6355,932
2270,1570
2291,904
1069,888
2390,842
2434,890
2057,1335
4218,98
1373,2254
4300,1876
1589,1779
1902,1272
5238,1397
2808,2208
2628,1001
6226,1460
954,194
1095,517
144,918
2460,704
462,1395
122,365
5092,1711
3991,36
1035,374
873,2209
557,1560
5768,1245
867,645
5907,133
6011,1397
3745,2340
2790,1764
3002,965
201,92
6292,1175
2510,293
3512,1766
2297,2274
1422,805
2446,844
2456,603
6166,1248
3551,1128
915,137
5707,2060
6310,969
4391,976
802,176
6596,1856
3539,1043
992,1156
395,1083
36,2011
1883,1169
2615,370
387,1050
288,130
6616,222
4435,2307
2902,1620
92,1107
3842,1065
1126,1623
264,1410
2204,1815
3047,1352
5742,772
28,2118
4112,1488
4180,591
4650,619
440,2292
5993,726
368,244
720,1438
620,1033
2139,1803
2949,913
4572,1909
11,2208
2311,2088
4004,1809
784,1827
1838,2198
5737,1184
72,666
3613,19
1968,700
3278,540
2924,1229
6537,485
3035,283
1892,704
5039,1220
797,2191
5875,2016
9,715
5406,1497
334,1709
3065,356
4224,1860
5297,1450
4672,222
84,916
4752,98
934,530
5473,1508
256,1068
4305,1353
430,1771
6386,1687
2388,1530
2874,1812
1848,327
405,323
3436,342
363,2316
885,406
4925,1135
5820,1980
3405,2257
501,1345
738,1071
4495,964
4559,1805
5679,1786
2364,961
2412,72
3928,1837
2834,687
5785,1228
2791,1879
2626,1808
1293,442
5614,1036
1140,1160
3388,1969
4682,1519
3154,2289
6171,808
5439,61
4731,1143
2028,1912
4054,2028
4965,1328
5943,1981
2832,253
3305,691
239,1616
2094,242
3162,725
895,1280
3302,2141
547,972
3208,2014
1147,1160
656,1807
1124,823
1932,2010
4004,1809
3332,1235
1829,130
5163,431
259,951
5704,2305
3705,1165
4176,451
5549,1424
1093,301
5833,2041
849,850
1285,2140
740,925
2320,954
1072,1819
4969,1615
3749,762
1812,1795
670,191
2402,1483
666,167
3384,2211
6399,1368
1205,124
1658,2114
2233,1359
879,2078
4976,389
5467,616
1520,1150
260,1217
1990,2211
869,626
37,268
199,1069
4448,1330
2090,42
3939,2319
1016,2323
3627,708
2216,2328
2190,937
2418,809
4889,1093
5407,963
1102,161
3285,1249
2239,1877
175,339
2111,2342
2358,801
3311,2061
2848,882
1686,323
5149,257
3406,530
4968,1600
2984,1213
3183,949
5517,573
4184,1072
3584,1165
4765,2048
987,752
113,514
5371,2045
3316,1792
1907,1672
3420,665
1894,594
5891,1062
6126,2166
5437,231
4036,781
4688,1442
84,916
4043,521
3979,1343
1307,282
3801,1097
1469,535
839,1169
1702,704
566,1133
3535,1066
3127,431
266,549
3927,694
6376,2177
3638,802
5135,486
6312,744
892,906
1428,541
5329,352
3306,1996
410,497
3356,2094
1726,1510
3478,1312
584,1706
522,1839
610,1574
5714,1531
39,796
1416,1495
6148,2110
737,2188
3581,61
1749,1180
1208,1844
6503,431
5592,1574
3328,257
3478,1312
506,2365
913,1473
3837,515
4638,713
6542,93
2139,1803
1293,442
6412,554
231,278
2939,1668
5771,1348
733,1023
291,857
2244,88
1658,2114
828,736
1854,1718
745,2274
3523,2251
99,1557
2555,149
1664,1111
6425,1949
4297,2265
631,5
1081,93
4650,619
2362,1420
748,2023
3800,219
6420,2108
30,1460
112,1331
2809,2045
2199,2147
2472,1260
5045,977
3014,2315
1425,1239
2239,1877
3706,1875
213,1541
1836,575
365,1174
1419,1213
3039,1165
4135,594
111,1271
6425,1949
912,1277
30,1460
6154,216
552,1131
662,1632
1116,1936
1465,1008
5149,257
2935,357
3524,1917
3891,1416
738,1071
3658,1928
1040,424
1197,1257
2702,1658
3850,413
2125,1799
1219,1496
3332,1235
452,253
4573,36
194,1457
2661,582
470,2330
327,408
2600,170
1046,702
593,329
5945,2215
3450,281
1126,1623
1735,412
5741,1204
0,27
384,1113
3092,956
6295,130
5567,944
5285,576
452,253
810,1934
638,360
1231,810
6539,195
2438,1588
2871,1673
534,713
1761,731
2191,143
6547,1
2257,1348
655,1200
606,2154
6624,919
317,1293
5736,68
5297,1450
3054,915
1597,81
563,143
1950,1352
3714,141
494,1654
6466,19
1102,161
4455,721
6401,398
1243,2368
4437,1428
2829,110
1604,1592
6138,1623
217,1075
1191,1340
543,1339
1411,1718
1550,1560
919,1452
4207,577
1739,525
4909,1344
3498,135
6255,1197
5412,944
2318,1169
2545,1419
953,428
3863,1355
3219,2044
948,1634
3691,331
709,146
6267,807
4924,571
2689,105
3564,2167
41,101
5331,1914
3772,1200
385,1523
6381,2007
5763,1593
4189,2018
3844,1622
1918,290
1930,549
399,864
6067,2365
2595,1315
1657,1696
546,1397
912,1277
1111,79
6229,2148
3966,520
1280,1591
2988,461
835,331
4032,1591
900,960
2229,1830
2664,830
2797,602
2401,1855
5058,734
4122,622
1221,1337
3459,1984
108,844
5117,2146
2354,732
5378,2150
6085,862
5312,583
5744,1880
3051,507
1289,1906
4396,1007
1277,544
1537,763
3925,2192
69,2032
1098,1645
1008,1368
4352,2062
2663,835
1445,864
4196,582
3698,310
2953,2098
2594,2332
340,1758
1321,2102
3083,1807
6433,470
743,2361
3920,524
4071,1595
2586,1636
856,1026
2605,684
5588,1003
4738,1927
5166,1795
3672,2300
286,148
1390,568
4177,761
287,890
2416,924
713,1454
6612,1274
4966,142
4712,1642
295,906
463,2277
1181,2214
839,1169
87,1594
3163,240
6508,1394
422,795
2670,1072
2620,344
3333,607
1662,1367
1823,1794
4368,1449
926,52
2750,1888
5347,760
2353,47
4965,1328
3705,1165
261,2351
6217,2244
481,1137
548,1520
1652,2212
6410,1453
5973,1447
5575,231
4574,2199
3444,2363
898,1015
4265,2223
1981,633
4928,1184
163,1282
5104,1435
5089,1605
1103,829
3982,1423
1312,638
1169,1685
493,1888
6432,1580
218,1386
1326,1383
2336,622
4056,286
89,2083
3984,20
1,1198
1,1198
4713,1689
5956,1339
2888,1255
2012,1072
4631,2002
247,46
3515,2277
4113,2063
2103,2311
5633,913
1904,2026
1229,2014
5533,1099
5745,354
79,557
1356,1371
6640,133
3490,786
5177,889
3617,594
1480,137
5179,1284
688,1670
2724,765
3215,1055
1731,2163
601,1561
611,998
758,1559
2636,2123
783,1714
3656,237
514,1619
1709,1071
6138,1623
4546,206
1586,2328
6119,2362
1190,433
1854,1718
2197,2201
5807,1629
491,1049
5239,58
32,447
5777,1512
147,1644
5281,1830
2128,747
1059,831
6186,549
19,1987
708,1528
3457,1399
2224,1066
2769,1487
4276,675
1644,370
4433,1819
3135,1342
5254,396
449,1445
171,1399
917,1773
1237,780
1479,1877
3010,1835
4137,523
5617,854
1055,1274
165,1053
3445,1623
718,1743
2122,876
923,1928
1493,1711
22,2325
663,1092
5918,462
1445,864
4419,633
6589,576
137,699
4188,989
6330,1992
5253,1854
6489,1975
5315,1120
485,1948
4523,2016
5708,1697
696,2293
3124,1355
1198,2223
1932,2010
1106,1534
238,1472
5729,1953
502,2239
5413,2124
2833,714
655,1200
378,63
2137,1348
625,1997
1005,1490
5916,252
2498,1607
2522,1927
2263,1701
1965,1779
1567,1652
3978,1116
3314,831
4799,194
3232,1335
3411,675
3047,1352
1768,2239
3284,617
1275,751
3240,1727
3777,672
4976,389
5410,1825
5252,1772
3686,984
2063,600
3351,2247
5272,1320
4211,841
4,2229
2020,1893
4954,2170
65,1039
4102,1059
2640,1204
3165,1396
4034,2203
1337,1389
3923,460
104,621
1382,1317
358,1041
5592,1574
4756,374
3430,98
4580,2118
5135,1778
189,454
13,2208
237,444
716,997
450,1778
3712,1688
2916,1832
6239,75
1234,454
2090,42
3186,1194
1317,505
941,437
3191,754
781,1392
1458,1295
4079,41
2687,754
5074,1022
1463,1287
2654,1208
4641,1201
3265,759
1136,1716
6076,2007
1652,2212
3033,1600
829,830
415,1600
184,1691
1692,1981
6101,650
4492,1733
1850,1207
3731,685
958,731
3211,2362
1876,432
5726,730
1080,1854
230,850
3658,1928
4334,1628
3407,987
1014,931
2312,1092
1884,37
2415,1689
2118,371
2849,2317
3435,2344
1790,400
1758,1204
4479,1767
1127,1931
3069,761
2736,930
4611,182
6572,2019
3860,1045
4304,2366
181,2331
1967,1980
5767,1086
3540,2064
4468,761
653,1876
202,495
923,1928
3620,1897
1082,494
5391,1837
2640,1204
758,1559
4323,2066
1594,578
266,549
2127,1132
5510,591
3477,1186
495,2290
6048,417
3455,105
851,1370
1422,805
2040,1837
5543,487
6492,1478
3511,1278
6430,1273
879,2078
4128,1408
4007,1181
5138,1815
3523,2251
3204,831
3864,302
1302,810
1717,1092
533,1989
3234,952
5129,483
871,1557
2192,1330
2476,377
439,1528
1733,1401
5278,2103
107,2024
5637,1919
5147,1662
4767,2238
2209,592
2304,468
5124,645
2090,42
194,1457
4018,786
753,334
4007,1181
3951,1224
1534,1519
6272,868
556,979
4742,781
372,687
2944,176
4869,252
4393,1906
4704,842
4544,1835
5894,577
1062,801
2165,595
4391,976
2721,1965
1427,2353
1211,946
94,1461
1764,730
1447,2279
150,2148
6006,498
2084,1242
663,1092
6273,739
3243,808
753,334
5729,1953
582,1353
6185,1348
1476,635
4165,105
953,428
4555,2072
380,229
2090,42
135,26
846,2061
5791,704
3014,2315
1658,2114
2899,149
1604,1592
689,1109
1572,1931
1805,2336
140,1948
1128,1233
1436,222
878,439
5692,495
5483,2337
2758,1818
3314,831
4213,657
1383,2214
2325,221
5317,1360
2398,1981
6588,83
4270,7
3853,1832
1655,866
4712,1642
343,1795
5840,2248
6305,770
2830,137
2531,560
3430,98
3167,2187
4308,50
2408,1534
2125,1799
1263,820
6116,1890
5284,1081
3204,831
1942,1686
3436,342
5544,2138
6278,1229
1169,1685
4077,756
5216,1864
4857,1192
431,320
2184,2042
1575,921
250,1198
1230,327
3563,712
3777,672
4702,2149
6172,365
4188,989
680,1224
1622,1118
829,830
3149,1495
5850,1319
5401,548
3511,1278
40,2161
4739,2137
2950,499
1255,921
1787,1535
4409,2218
6144,1186
2704,504
3390,1539
1005,1490
1338,368
2404,1958
811,1088
4094,801
1132,426
2265,2358
2693,2192
3890,2088
3650,2242
2485,1798
3786,2027
3699,139
1437,567
1638,218
38,616
1076,2088
6368,2000
19,1987
4817,669
4342,1223
5333,1733
5861,1520
331,1231
5743,341
2180,792
3231,1559
3775,92
1570,769
6396,51
5893,942
3247,970
2597,2251
1412,296
4787,251
938,2103
1873,1025
2979,694
745,2274
1470,1119
1884,37
2884,1860
5227,1881
2556,1058
176,417
795,1443
3404,1585
4022,1890
3632,1752
3088,2258
6022,1876
1280,1591
2964,2360
6262,125
2992,453
6561,1482
3192,231
3342,816
1336,156
5971,2282
1726,1510
2546,1035
3045,865
418,246
2933,133
4498,1848
1002,1860
3139,752
4226,547
6052,598
3961,49
1326,1383
5033,730
3237,1131
597,1038
3802,825
6525,503
117,566
912,1277
379,1379
2066,912
525,2351
1023,1643
18,1694
293,1542
3624,1662
206,846
740,925
142,324
4128,1408
4886,1531
1194,157
1535,1087
1993,21
148,1237
6196,881
6022,1876
1348,2083
2933,133
1934,659
3362,1822
2807,1045
6635,2190
3503,1654
1513,434
1245,518
6308,144
783,1714
470,2330
2162,966
218,1386
148,1237
1104,1781
3458,2217
2398,1981
3031,433
2628,1001
1128,1233
807,848
394,1484
4200,1598
539,1532
5468,66
838,2085
441,934
1016,2323
3683,2144
2608,1226
6072,1911
3807,936
2676,190
3958,1817
679,816
351,1965
3351,2247
3434,905
656,1807
144,918
4478,958
5407,963
852,845
6067,2365
2052,1820
2937,805
3826,2006
36,2011
79,557
6014,330
5209,2002
3749,762
3542,461
2947,903
1998,1967
3874,1956
4498,1848
1324,1498
3635,1973
3459,1984
1369,291
0,27
413,303
4964,2026
2290,163
541,1636
1710,2297
1879,2319
273,82
5457,1295
1238,1262
4252,1300
39,796
2666,493
247,46
5944,1358
5494,1016
84,916
2850,131
685,313
805,1770
6565,999
1259,1338
651,1609
2838,768
83,806
1355,248
1647,1752
805,1770
5054,2309
1898,82
4162,440
66,1360
2016,872
4430,1484
1181,2214
3411,675
107,2024
6080,1828
1680,1018
6419,744
2288,2350
4424,2293
4568,1098
745,2274
3957,1948
3980,2253
4821,527
4468,761
2665,538
504,224
3329,416
264,1410
3981,1626
4187,698
29,1129
1394,463
6418,2028
2084,1242
362,872
2215,1491
2899,149
4675,1694
2737,1037
2044,603
3895,346
6130,412
1858,100
4176,451
3598,475
692,946
6215,1663
3824,2177
3347,2167
1087,2178
3082,2146
4825,1387
1740,1977
5602,1129
583,747
526,506
4798,178
4612,1362
4981,670
5631,2171
1704,649
4288,149
4251,95
824,184
1365,183
739,2147
2734,18
1704,649
56,1245
3632,1752
2103,2311
134,2252
3329,416
6322,1763
717,869
6539,195
96,1081
3341,172
3764,1041
933,2226
5829,603
6150,619
4794,1954
1113,311
2336,622
1174,1617
3838,816
3706,1875
2738,1716
6027,76
1827,1047
6370,253
5904,1254
6140,995
6276,785
4132,1771
3726,1905
2757,5
3225,1852
1948,849
5465,1912
5436,1531
376,2191
2178,863
1993,21
922,2136
1888,585
4057,172
4983,1674
2645,1325
1116,1936
1156,1174
5006,903
6036,150
1239,409
3367,1774
6614,377
1713,1134
2459,580
2498,1607
5790,517
1255,921
4349,87
467,289
6053,553
1973,2000
761,1343
2213,768
1251,968
1625,1914
4558,1471
1107,1626
958,731
4169,574
2482,1754
1362,1662
2623,1703
3677,875
664,137
4141,24
5906,673
1607,1458
516,753
1084,2174
2185,904
5550,415
1937,1632
853,353
1822,2091
4916,1901
2177,675
1183,300
4955,2206
14,2064
5180,900
528,1837
259,951
17,2309
1788,1853
252,571
4635,1838
614,2040
269,549
3139,752
2415,1689
1217,552
3053,2201
464,1817
4623,163
290,554
5971,2282
926,52
5152,1656
4081,60
6418,2028
3351,2247
3588,1303
2987,938
1308,1749
6072,1911
4812,2288
74,2041
1529,1632
1662,1367
1298,1170
5990,352
5923,673
3198,446
1044,1793
564,562
787,2094
5669,1049
1272,925
3332,1235
977,1099
2246,2350
4397,447
6579,797
2144,775
2148,861
2163,909
763,474
5382,1553
4763,2338
3479,81
2095,1129
3991,36
252,571
33,337
6542,93
4197,199
4966,142
2637,1728
916,1238
5900,231
217,1075
405,323
3172,1585
50,1611
3833,1094
5992,254
4167,114
4620,148
605,1228
571,2173
6416,1839
6589,576
6400,1558
357,1734
2701,2310
806,1290
800,1334
410,497
4054,2028
681,1512
3420,665
3301,129
3085,2060
5207,1148
2388,1530
4033,34
3252,350
533,1989
3354,784
2035,41
5388,1589
1896,2137
186,2175
5368,1099
22,2325
326,1740
2946,1320
3324,607
2753,1130
4336,803
3089,1208
3863,1355
137,699
175,339
1258,1934
1420,2178
1959,487
1977,1377
5646,441
6062,873
507,1296
1005,1490
2937,805
130,1746
2473,2341
1130,211
5156,822
2669,1517
624,1120
413,303
4664,934
2889,2123
4575,293
4402,1068
769,29
4257,1696
5752,1438
3789,518
754,2065
3304,2204
3529,1603
2275,76
1434,1682
205,626
6461,1419
457,1242
5249,66
618,320
3124,1355
1660,844
491,1049
4717,2061
1461,2235
4710,639
4874,280
6401,398
3065,356
3405,2257
1989,500
6598,604
1509,195
1231,810
6059,2189
3895,346
5609,887
5815,282
6101,650
6031,1799
1565,2132
633,1802
3602,2193
2246,2350
270,1535
4831,1128
3966,520
1295,575
3490,786
1047,1080
3462,43
4608,1934
377,1494
3601,491
761,1343
5626,1092
1841,525
1387,637
501,1345
2419,1941
2709,1940
4856,1168
3855,1683
848,2223
5673,30
1682,17
3381,1744
2644,476
10,718
4553,543
4737,1209
2717,1841
4494,453
4586,141
277,1101
1796,1452
5538,988
5830,1127
1033,1434
1105,41
4806,544
3454,1018
3789,518
5923,673
1759,1339
5839,251
4813,1423
2915,1299
5533,1099
6355,932
669,2017
3976,1887
1865,2078
933,2226
575,435
1357,1365
5421,412
461,1452
6349,1065
3240,1727
6221,2169
5484,572
617,1468
5845,2061
2585,1666
5465,1912
859,2261
89,2083
6355,932
3531,1739
2405,2041
4911,1416
4241,1646
239,1616
5290,1290
4291,539
842,2367
89,2083
6613,2298
3772,1200
1687,1406
5702,1153
2799,1493
2168,1497
4294,194
1266,1058
2093,86
1115,1217
3244,1682
5027,1411
3475,871
5979,15
3727,2262
4961,1597
3448,1193
6458,1852
3322,2282
5264,1744
1148,1354
3339,2074
6561,1482
1483,2040
4880,2315
1508,2018
1848,327
601,1561
226,2078
4411,1408
4657,1122
5995,749
5447,118
4175,1200
5513,363
669,2017
2275,266
5377,2330
2799,1493
53,1829
1068,489
890,1649
6429,1663
685,313
3804,150
3723,169
4177,761
1617,1496
377,1494
3590,1004
2004,1100
6259,1979
4591,1249
6616,222
3782,1346
5285,576
3071,1938
1877,1036
2155,170
3033,1600
2935,357
283,77
3752,848
446,1514
2903,2205
30,1460
5994,2312
6629,1381
4016,2159
517,957
1441,1134
1872,2258
4059,395
6439,1760
2077,358
5276,717
5768,1245
3954,1363
4224,1860
165,1053
5714,1531
437,1021
678,765
1493,1711
4294,194
3191,754
2059,2293
3541,2052
6558,707
6055,587
747,2147
106,456
4584,855
2459,580
58,2187
2374,1323
1054,1349
4865,930
685,313
5679,1786
5245,110
2270,1570
5754,1811
3359,211
1805,2336
1266,1058
5103,2336
5917,672
6476,859
1355,248
2651,982
1893,1583
332,1464
2,852
6208,2255
684,231
693,1521
869,626
4498,1848
4411,1408
5603,2209
5261,2089
3724,315
1705,389
4964,2026
2034,1585
4750,2174
5681,536
1757,584
396,1020
2755,169
829,830
115,1938
594,569
5647,1363
2459,580
10,718
1838,2198
4706,1365
2424,2184
3776,2224
3258,2008
5877,2322
1366,773
1623,1769
4105,841
5632,1823
206,846
3765,2367
3560,618
3981,1626
5259,1936
3769,335
4512,1960
453,607
4461,760
2860,2206
3728,546
2190,937
5937,436
5933,2160
202,495
1743,2177
4611,182
2005,758
1701,2355
4384,498
3369,231
4151,451
6085,862
3848,950
2912,431
6528,2152
1869,473
2722,1527
2873,639
2356,172
1699,972
4857,1192
1871,517
4461,760
3675,548
853,353
1468,983
4405,1615
2226,792
1509,195
5367,1924
4567,1037
2468,2367
109,382
378,63
3247,970
5927,2133
87,1594
5252,1772
3624,1662
3338,1789
64,2011
36,2011
5861,1520
243,2369
3620,1897
1284,1901
1960,1688
34,1020
305,494
4638,713
2447,1869
115,1938
6300,132
4358,1849
599,2079
5940,617
828,736
3985,1089
1388,1165
593,329
1498,1199
957,1481
6634,524
3509,1671
136,1713
6005,147
5139,1052
5606,1369
3753,1991
2290,163
2523,1226
4112,1488
1138,779
689,1109
6158,557
3722,1203
382,485
435,2314
6281,649
5904,1254
758,1559
116,1452
5058,734
6294,1893
890,1649
4924,571
847,1186
99,1557
3228,1506
6664,1190
1605,1028
5042,2122
426,1598
1960,1688
2089,2222
1638,218
897,1701
1357,1365
6388,1703
5203,763
213,1541
4437,1428
1985,276
3347,2167
3297,1606
4483,363
5770,1063
1009,1390
5244,182
3829,116
1451,801
3169,329
1586,2328
4698,699
3177,1290
1568,570
350,893
1076,2088
475,350
243,2369
2352,1541
3374,1160
2330,982
2237,1467
3323,1226
1317,505
934,530
4621,95
671,1623
1357,1365
5296,1194
930,2352
70,1014
1742,217
3790,1787
5742,772
4013,77
3474,2107
5757,2221
5624,1756
5315,1120
5357,971
2900,1649
1870,1401
1726,1510
6193,2138
3644,317
88,175
1753,552
4212,1097
5737,1184
1760,793
1950,1352
714,378
5695,1285
3889,934
1243,2368
5240,2211
1311,583
4030,2131
1370,841
15,2170
5912,1395
2613,471
2983,1593
1223,1286
983,943
5356,1535
3036,136
481,1137
383,746
5497,881
1043,1213
3585,122
1790,400
1594,578
5023,1613
4293,280
1239,409
4470,1588
808,972
1551,191
2296,1385
3003,1373
4458,2016
5586,758
4978,940
6096,1382
1877,1036
4919,631
1813,1478
1630,1287
800,1334
1581,390
6572,2019
2556,1058
5805,354
1758,1204
2239,1877
842,2367
4649,952
391,919
232,1191
6488,346
1984,2127
4594,1039
5601,2154
1492,559
3910,718
27,1182
2861,1249
4186,1643
5876,1448
6109,1766
4190,1792
33,337
445,573
1779,2289
95,2361
5336,1529
2220,2361
6256,1358
79,557
1953,889
121,2069
2440,567
2420,733
5543,487
6161,337
1698,1680
1061,1812
3694,794
3740,1390
2452,917
698,184
318,1445
414,1495
1210,830
2293,2337
4029,321
3846,1028
3896,81
4539,276
6123,1079
59,1767
5402,1595
209,2362
1692,1981
2403,755
2824,1776
3640,1163
1549,722
146,875
496,25
5184,40
4509,1257
5738,1851
4901,988
4750,2174
6607,1615
4356,731
2768,1263
4886,1531
1001,403
4475,1453
3827,1908
4261,96
2670,1072
2462,2222
4092,53
5860,953
4954,2170
6377,1050
462,1395
3150,1613
1482,2210
3174,461
5535,138
1364,965
2781,1573
914,1445
1034,2144
3232,1335
577,1138
2934,752
239,1616
5049,1545
3310,1855
198,1883
3351,2247
880,1338
299,255
2796,1039
6333,2032
2272,1089
2565,1902
6489,1975
4165,105
2595,1315
2503,178
4017,1489
28,2118
4335,50
1891,2226
4557,120
1225,1996
213,1541
2132,1504
3448,1193
6108,2194
2917,134
32,447
126,1766
2541,170
3436,342
2227,1017
6402,121
3743,1530
3735,1659
5189,2317
1188,1853
3370,1625
3559,933
4385,2002
3582,832
6438,123
5624,1756
5563,346
23,717
4253,447
3678,1230
2570,2273
874,1587
4341,2203
3243,808
4606,2356
2353,47
1486,167
3620,1897
1113,311
2926,728
1236,338
914,1445
1842,907
4355,796
4246,591
2151,1231
5161,25
31,613
718,1743
4305,1353
4779,1634
5306,1093
647,2360
404,372
171,1399
6517,1452
4967,576
2327,2002
5281,1830
802,176
2,852
1655,866
2476,377
1066,1871
99,1557
6174,329
513,1679
5165,1533
161,302
2306,983
1820,345
4403,2304
1558,1176
2816,1734
639,238
4243,820
1683,2239
660,1724
2728,2312
3416,1459
485,1948
4,2229
787,2094
5438,1228
444,1933
3042,521
2616,2186
2421,278
5971,2282
5051,373
6321,1318
5086,2230
6076,2007
1170,1969
5806,1338
254,211
103,477
3678,1230
1513,434
3702,887
6248,1624
1493,1711
5335,1300
3426,2092
1307,282
6179,944
4030,2131
3095,110
263,958
2616,2186
4236,336
1147,1160
1420,2178
6297,1327
1723,636
3975,670
623,932
4010,455
6379,829
967,1442
2060,1765
2704,504
414,1495
4929,941
4680,1732
1376,487
151,951
1044,1793
1811,1949
417,1800
5005,1396
6251,1639
543,1339
1035,374
6533,681
3557,336
548,1520
642,553
2965,1902
2060,1765
4222,740
6095,1568
1003,129
1291,1324
3687,1945
296,371
2091,1103
812,120
1888,585
1290,1337
3136,64
290,554
2839,837
4837,2036
1543,1590
51,2064
1923,1723
363,2316
4956,2215
6561,1482
3902,780
1016,2323
164,238
2705,1985
5236,371
1635,1699
2938,1503
2218,1396
172,2019
2472,1260
47,1877
1983,2228
1239,409
4679,2086
2636,2123
391,919
6661,704
1863,2203
4203,1932
6114,1374
2535,823
385,1523
3906,1022
302,1503
3497,1891
4761,1415
870,1145
4089,1537
6305,770
5671,731
6347,8
338,1018
2945,1886
4486,2348
1262,1920
1829,130
540,716
3862,473
2298,117
68,2011
5320,160
5193,905
2994,200
3320,751
2100,993
213,1541
5699,664
6142,1559
15,2170
757,672
4187,698
1840,2063
4807,2001
498,1000
6401,398
1549,722
4673,221
1653,1596
1583,50
3754,2022
6157,96
3051,507
2678,610
6375,1442
222,1515
4576,1365
416,1280
977,1099
6490,1423
1404,362
1733,1401
1546,2168
3182,316
2591,696
804,1111
4364,2058
23,717
3938,619
324,452
5361,2141
6570,58
1755,1578
1210,830
4312,1244
2640,1204
5849,2016
178,623
3981,1626
4327,1218
6588,83
3662,293
1302,810
2108,759
2450,222
2668,2017
1600,1618
6224,1230
5403,489
5843,670
2703,826
2270,1570
3582,832
4947,433
1220,2365
1578,2207
5021,127
302,1503
1884,37
4472,100
1028,208
328,1224
4110,1982
4325,467
2554,592
1652,2212
427,2204
5657,236
575,435
6063,754
2782,1293
2674,1060
3849,2083
5045,977
5746,1722
42,1019
1161,2250
4816,1621
2233,1359
2642,1093
2635,669
1635,1699
5214,360
1644,370
5555,1777
6625,1132
4191,883
6332,2114
5865,1239
1469,535
2100,993
2563,65
1445,864
2472,1260
1646,927
3027,2223
2133,787
2800,2296
3992,1606
1102,161
382,485
282,535
5197,1942
84,916
5588,1003
3516,917
4373,1545
3447,1534
6426,1478
248,27
709,146
1950,1352
170,506
994,1284
2744,985
3494,1081
2332,213
2475,2029
2190,937
3057,228
3227,1453
1411,1718
5008,1709
2411,2103
193,2118
1633,1106
1903,1923
375,487
1889,1839
1950,1352
5640,1819
5526,1964
1552,3
308,1546
6590,1337
1303,993
862,1817
5088,337
3742,748
2591,696
1181,2214
508,1052
4162,440
3393,2077
6235,492
1058,468
623,932
3448,1193
517,957
1299,1472
2961,1760
5187,1216
6614,377
4882,758
6466,19
4835,2254
770,2066
2119,1797
4886,1531
2357,923
3913,1588
3197,1571
3058,175
1775,76
6004,1244
4958,191
5953,1770
1996,1895
4248,185
4660,1252
5396,635
4850,1254
5822,1895
4677,422
514,1619
993,1318
2023,293
810,1934
3891,1416
3766,1969
1645,1099
3698,310
5059,926
4974,767
777,535
5261,2089
1184,2262
526,506
232,1191
2972,1748
4460,1744
775,1138
445,573
6176,295
6558,707
3432,1560
1107,1626
6310,969
3186,1672
3408,1978
4863,2240
6000,2224
2870,462
595,117
5356,1535
4982,74
209,2362
5289,1003
1479,1877
1104,1781
1120,2129
2308,255
1254,20
4133,1901
1576,1620
255,997
482,930
1727,1675
3199,1792
5120,1707
174,732
5156,822
3379,593
6354,1364
534,713
1863,2203
2319,447
3892,384
3534,1533
2835,1497
5139,1052
1832,1614
2318,1169
1290,1337
1456,861
316,934
1516,536
3358,895
399,864
3574,703
2166,268
5730,683
893,1617
1792,453
1370,841
1765,525
4146,595
2878,1295
3463,292
2132,1504
4429,638
5250,1920
2548,1405
2271,255
713,1454
3940,2050
6534,403
2564,264
1666,593
2158,1408
5137,53
5232,191
2617,1151
124,1501
4476,1949
2756,1054
164,238
4462,1428
1243,2368
3194,1159
1467,239
1372,1292
3497,1891
5169,1005
4237,1780
686,2139
1537,763
2237,1467
137,699
1305,2149
3686,984
6375,1442
36,2011
3808,939
4513,1987
1990,2211
118,191
6548,2177
3593,263
5375,2165
3283,104
2495,253
4109,1906
5374,187
4026,116
2084,1242
6158,557
5799,2243
3701,1774
2392,64
3169,329
4195,215
4467,1533
2754,2050
844,1331
464,1817
3603,791
240,676
4733,2020
734,82
2575,772
6543,614
4983,1674
2004,1100
4660,1252
1233,295
1956,2093
3404,1585
4247,1637
3344,1761
5394,1666
2992,453
4210,1847
1251,968
234,717
296,371
133,2169
5697,2330
551,2059
2316,1577
5431,276
2946,1320
6138,1623
4560,1874
1705,389
4917,1766
2114,1669
3645,329
1782,2284
986,2054
1783,615
1951,2258
4020,554
1332,178
6314,2250
1202,2229
4077,756
3488,395
610,1574
1783,615
1987,1693
1259,1338
4598,1256
3787,1084
4177,761
419,2036
2102,703
1124,823
2507,1190
948,1634
351,1965
2037,278
197,865
195,1028
5658,1841
465,40
48,1481
4650,619
1912,131
931,75
86,2326
4948,2213
936,1484
2631,195
4110,1982
3312,931
1838,2198
519,1351
327,408
4663,536
2059,2293
6289,1592
4455,518
5944,1358
6533,681
639,238
4392,2140
999,729
4276,675
6513,2098
4880,2315
381,1211
1588,1721
5672,599
650,2291
16,1168
5887,2201
4145,967
3299,289
2107,794
4775,631
2446,844
3535,1066
4408,1648
5575,231
3364,2160
1436,222
555,2134
4766,907
1237,780
924,937
6414,2267
3644,317
2599,810
1960,1688
527,1183
5090,1040
5649,1015
2667,1289
6015,1170
3517,699
3051,507
4915,922
988,1316
5529,1969
6233,969
406,2164
212,1376
1296,2097
510,2026
1714,1662
5338,1017
5022,56
5029,1440
2424,2184
2141,1106
1114,1089
4795,797
5516,295
5006,903
1840,2063
1920,1281
4823,707
1838,2198
5545,477
3677,875
96,1081
2979,694
1006,1066
1368,1596
3960,1172
271,2284
4866,345
5025,237
2698,1457
488,1291
1028,208
4819,1128
1676,1630
3526,874
4660,1252
3682,1902
3695,748
1448,87
91,253
1173,2144
1197,1257
5623,1569
2648,1033
3126,1246
5009,376
1848,327
1554,543
3532,1264
3560,618
2037,278
1215,70
305,494
2509,1051
6522,604
573,1640
5652,499
6319,415
2166,268
118,191
2592,580
1115,1217
1260,721
2369,794
2323,1203
2579,1960
338,1018
1335,466
1625,1914
2909,831
2866,484
0,27
93,2365
658,1473
399,864
6158,557
2828,2261
1703,891
1092,128
125,2291
197,865
873,2209
2994,200
3285,1249
5559,1908
1666,593
6210,974
3089,1208
5758,768
530,1368
5950,1130
4502,1173
2173,1114
1903,1923
471,2061
5257,518
325,2187
5653,525
3844,1622
1553,760
189,454
5694,1978
292,1809
3561,47
317,1293
791,1866
80,2208
818,394
4503,1747
1072,1819
1742,217
5517,573
36,2011
157,704
3099,913
3013,1525
213,1541
5112,300
3124,1355
5154,265
5541,658
3659,662
3531,1739
2882,1802
937,1281
1336,156
5116,2034
6440,1226
6617,4
35,1962
1459,1717
6640,517
170,506
3557,336
1179,1904
3458,2217
2148,861
4883,839
1507,627
6184,1948
5008,1709
1997,440
3995,453
2129,1758
6541,724
2260,1617
2428,288
6405,1681
5983,2174
2784,1778
2589,1189
6270,224
4191,883
870,1145
3508,1701
172,2019
6280,2271
309,1278
2092,348
323,2230
950,228
1669,1570
3307,853
2899,149
2759,1785
2883,1622
3955,104
2378,830
5781,1244
1608,5
1209,722
1855,1976
6601,1202
1431,689
65,1039
4626,647
5994,2312
2448,579
1923,1723
3083,1807
1257,1450
1337,1389
432,1217
2111,2342
5186,2196
4776,146
4353,1743
1801,1673
6271,2064
1439,706
1430,1864
1887,1228
2379,1521
3140,1477
3428,1970
4508,753
3405,2257
421,297
1338,368
4116,1037
1444,478
61,2117
5822,1895
5091,1001
4618,772
2495,253
4355,796
1757,584
160,1789
4692,1307
3933,223
3354,784
6629,1381
1454,415
4442,2154
105,402
2920,2186
1542,101
1363,1165
3305,691
2763,1336
4980,170
3040,1989
6080,1828
4536,238
5410,1825
5696,1361
1178,1107
1300,1676
2891,1356
3972,471
5875,2016
1525,568
683,2365
1023,1643
6122,374
1570,769
3085,2060
2203,2212
610,1574
1959,487
174,732
18,1694
926,52
963,1112
3490,786
6663,1363
1761,731
4796,1077
678,765
5513,363
5306,1093
3018,289
5322,1062
1286,1292
614,2040
4874,280
2127,1132
402,1404
6180,211
1746,2189
379,1379
897,1701
6505,1446
540,716
6205,2009
3989,411
4109,1906
6275,560
3134,472
3509,1671
3553,74
5786,1631
5836,269
3974,1934
564,562
1244,1399
595,117
2776,275
2022,1274
2577,811
281,2045
1291,1324
5854,950
250,1198
5160,326
2227,1017
668,1534
3517,699
5561,416
6224,1230
5350,1543
74,2041
142,324
3246,2329
2782,1293
3266,2164
3611,8
1718,536
5713,1191
2600,170
6300,132
2035,41
4970,789
320,1996
4304,2366
1862,988
766,962
5272,1320
3556,1234
2539,1760
317,1293
4614,418
6541,724
2969,2353
735,2123
5113,734
4746,550
2924,1229
5292,186
1715,2190
5589,665
1359,1121
1688,745
1004,853
4325,467
4309,2274
1374,1122
4631,2002
1450,1323
6380,176
5116,2034
5714,765
2558,1212
1505,880
1629,521
5320,160
1426,1868
6082,1184
5784,588
158,435
339,191
6144,1186
994,1284
4210,1847
1397,1686
4707,2364
2175,1036
4864,1838
961,404
501,1345
5909,1404
2936,418
3513,793
1036,1037
1340,386
5576,2060
1809,251
17,2309
5849,2016
3270,426
5341,359
342,834
1683,2239
5187,1216
2536,1635
5671,731
2631,195
2174,1417
3776,2224
1185,1729
5535,138
3057,228
2480,124
3419,261
806,1220
1902,1272
1553,760
4,2229
15,2170
5209,2002
2348,1201
3143,562
2987,938
5592,1574
5314,44
1457,46
3819,1486
5453,362
5747,1974
2113,1963
5791,704
3316,1792
5342,1024
3792,540
3140,1477
3422,1885
4718,1837
909,1070
2743,385
4550,924
1471,2363
4224,1860
2715,1783
4212,1097
4782,342
4240,1124
3062,610
1562,2186
5733,350
1931,753
2068,162
6299,8
2243,76
4436,712
5369,1079
2879,878
4829,1715
6303,364
6442,1978
4153,2339
4633,2285
2097,1674
5080,678
744,2094
3166,1312
1594,578
5529,1969
1062,801
1245,518
3324,607
5212,1739
370,1116
3002,965
1011,1968
1189,1540
160,1789
47,1877
694,212
5816,1014
1800,346
1550,1560
3279,2254
3899,179
4888,505
827,2095
1721,730
3628,1932
3104,465
148,1237
92,1107
3589,1448
485,1948
6251,1639
1658,2114
188,1853
17,2309
311,577
5545,477
2881,1723
5743,341
540,716
1489,1906
4128,1408
2408,1534
118,191
3823,1349
1981,633
2011,1843
5970,1174
6048,417
2682,478
214,1564
2025,2358
3410,2061
1447,2279
2560,1333
4238,1405
410,497
1735,412
1284,1901
448,2135
6052,598
2387,1140
4951,991
1242,52
3603,791
6197,1972
2748,801
1541,246
1305,2149
5022,56
4565,394
5194,1884
3987,707
5486,76
1527,400
5300,1930
3071,1938
1811,1949
1256,1168
3856,309
2100,993
3808,939
3347,2167
868,1893
5909,1404
3091,1665
3716,577
202,495
6230,1541
1630,1287
3951,1224
4388,576
1422,805
2646,1147
4302,1345
2619,486
3761,1046
2139,1803
3871,1468
4520,458
4477,1304
1282,97
3449,430
494,1654
4543,209
1005,1490
2907,1521
1518,1855
2858,2199
1028,208
528,1837
3908,1425
2129,1758
6429,1663
3622,1285
3741,1978
6352,283
2914,1295
4659,625
990,860
5601,2154
2817,612
1978,353
2101,1140
3483,540
4291,539
1596,1222
87,1594
1090,635
3464,502
373,607
715,884
5219,995
1214,1371
786,753
1688,745
984,1969
580,908
220,1356
1110,1163
553,1100
2670,1072
5688,2025
1877,1036
1285,2140
541,1636
6548,2177
347,485
1313,1264
1659,1623
2313,532
1359,1121
2060,1765
891,1247
43,1453
4712,1642
6015,1170
561,953
5817,1360
4414,149
4437,1428
2047,2311
5977,1295
757,672
6298,2108
1633,1106
1233,295
1411,1718
5388,1589
3466,1780
2076,1022
301,2213
5127,1762
47,1877
5657,236
136,1713
640,1884
3433,1205
4964,2026
3577,1989
5789,399
335,1091
34,1020
1865,2078
2652,1615
1718,536
2683,1072
2332,213
2793,284
744,2094
6452,665
2355,1092
2348,1201
3697,484
293,1542
2051,1811
400,499
1375,2363
4046,1480
1941,1445
587,199
5797,1935
2580,2206
3193,343
3365,1180
780,1542
4676,474
5322,1062
581,1159
2,852
4843,2154
6367,158
3704,1694
2098,679
591,825
965,2168
1927,184
607,604
6213,870
5994,2312
4240,1124
3378,528
5832,1923
5864,1794
6292,1175
6437,779
2950,499
547,972
4941,2063
5011,1243
3366,317
913,1473
2963,1813
5343,33
4221,275
2442,452
1538,1524
3695,748
1560,1598
5861,1520
6629,1381
110,708
494,1654
998,237
5203,763
390,1013
2424,2184
6286,407
755,2194
885,406
1858,100
678,765
5473,1508
1351,1183
1244,1399
3949,1122
263,958
3438,1120
5557,1137
4898,647
2905,558
628,1288
2910,2090
1007,852
1512,1351
1810,407
416,892
2221,911
2539,1760
1740,1977
5159,2133
443,2268
356,2182
2629,2229
1005,1490
308,1546
670,191
3946,2187
4939,69
1604,1592
337,2070
1491,1145
5474,105
5717,2054
6635,2190
3496,1774
5911,1656
3679,879
4181,225
5346,996
4762,269
5553,210
5257,518
4998,2303
1154,1198
2907,1521
5388,1589
312,583
2370,1454
3471,577
4438,2253
5894,577
22,2325
3182,316
4864,1838
4644,1610
3629,1590
714,378
188,1853
4828,525
5805,354
1838,2198
1446,2101
4752,98
981,874
5375,2165
81,96
1300,1676
4854,279
2299,847
548,1520
239,1616
2586,1636
169,520
1139,2244
1190,433
5681,536
6366,2091
3258,2008
2284,1163
6264,1121
4732,17
3259,1009
3059,386
1639,2206
6145,1764
2307,747
284,1902
2323,1203
3815,2162
2959,828
3296,1462
302,1503
3446,253
2159,1566
4402,1068
5415,1004
275,2162
1557,1347
2739,1742
3617,594
2085,836
1575,921
4225,386
3704,1694
1960,1688
5366,167
2816,1734
154,1979
3183,949
2114,1669
1727,1675
352,118
1530,922
3968,1945
1411,1718
1203,1590
1512,1351
5776,1255
3011,1330
5492,1087
6178,314
172,2019
4290,1695
2567,692
1637,999
2395,124
3437,318
3919,961
647,2360
3633,461
6156,1655
4817,669
5999,730
880,1338
1989,500
5818,1867
5362,318
834,2302
4731,1143
4033,34
3083,1807
2815,1771
5449,1763
906,1632
4505,2086
1015,1858
1717,1092
686,2139
3363,696
4046,1480
1462,12
147,1644
3878,1383
3802,825
1509,195
3158,635
1871,517
561,953
283,77
4364,2058
89,2083
5514,73
4565,394
4283,2009
1449,1559
372,687
1440,1122
3718,2355
2766,1881
1133,455
2405,2041
129,1975
1900,1021
6496,697
4364,2058
4121,1236
788,2257
173,1347
5648,2106
173,1347
4860,1453
82,1870
763,474
4706,1365
6199,1125
5709,22
1487,1875
966,2101
5113,734
3277,157
4905,383
1088,130
3040,1989
4337,217
13,2208
1538,1524
288,130
721,2268
38,616
2953,2098
1206,729
2077,358
59,1767
3798,1404
1929,1383
4134,1353
300,1482
947,322
2207,1545
448,2135
1031,655
2905,558
4000,339
5944,1358
1174,1617
3652,2303
3793,627
1014,931
1887,1228
215,67
3945,185
2407,198
275,2162
2371,613
5039,1220
2437,324
118,191
130,1746
4164,2341
2689,105
388,376
6043,2273
5054,2309
3072,391
1202,2229
1062,801
569,270
1727,1675
2205,615
4208,1762
1500,1973
393,2112
833,2366
5895,2024
500,1611
4942,1523
901,587
3598,475
3928,1837
4994,1399
2784,1778
5817,1360
2123,763
951,1346
1233,295
1622,1118
78,1200
3640,1163
5607,1013
4342,1223
4069,1663
2793,284
4474,1270
2738,1716
1320,453
3429,2357
2956,1464
2084,1242
3253,1431
4706,1365
818,394
823,19
100,1431
438,722
2620,344
5489,1490
353,1116
3,1842
5890,247
2896,565
4501,563
1650,577
4851,1982
2485,1798
765,2110
2401,1855
3926,432
1129,1307
3438,1120
343,1795
5242,1628
2030,1352
2387,1140
1600,1618
3109,2177
1418,764
5470,1507
1250,1534
6363,681
267,1250
5374,187
4549,145
6524,1743
3674,143
5058,734
1336,156
3891,1416
3631,1694
7,175
215,67
327,408
1491,1145
5198,2295
5716,1511
3149,1495
5601,2154
752,1586
1310,909
2115,1928
5062,2067
2601,1298
3568,243
2983,674
6397,790
2159,1566
2155,170
514,1619
6365,1484
6595,1006
4724,1085
3517,699
3450,281
2015,1809
3636,1295
4410,1371
2537,850
2355,1092
1816,2171
4008,1697
4384,498
1702,704
3531,1739
1935,1591
615,1520
6310,969
4307,1732
1602,301
1263,820
2907,1521
4551,2211
3538,1933
2415,1689
3887,823
3515,2277
622,399
2695,1189
3647,1563
2905,558
1265,145
3467,363
5823,2031
216,1544
257,48
905,957
5342,1024
6186,549
1323,672
3703,1370
2237,1467
3145,1598
5447,118
3011,1330
3705,1165
967,1442
153,2255
47,1877
1007,852
631,5
2413,1523
4590,1023
1514,2123
2496,1929
5931,2350
6595,1006
2856,903
1939,1787
35,1962
591,825
2986,623
2830,137
3254,1206
5146,1558
1124,823
497,588
5469,775
1047,1080
240,676
5663,1700
3696,201
1965,1779
4035,839
2565,1902
2100,993
4013,77
5207,1148
2588,1224
2602,2058
2250,1881
5360,669
1856,2316
1688,745
3805,1856
4461,760
952,448
3255,2193
150,2148
4697,730
2774,376
1806,814
767,1033
3825,1086
1939,1787
2284,1163
3186,1672
1010,796
6261,1245
216,1544
209,2362
18,1694
319,1567
232,1191
1458,1295
107,2024
3039,1693
5780,1897
4141,24
2588,1224
1674,999
3914,1261
1150,245
1255,921
738,1071
266,549
513,1679
1731,2163
737,2188
2269,1751
703,174
1028,208
701,942
4218,98
5026,286
4849,481
3609,342
1572,1931
4803,1446
1149,169
4022,1890
3303,95
6634,524
4697,730
5162,1056
51,2064
1056,314
3419,261
3477,1186
4113,2063
4846,505
1837,2003
1529,1632
5427,1024
574,28
2173,1114
557,1560
4486,2348
5791,704
206,846
1379,875
1568,570
2474,2070
4300,1876
1990,2211
1998,1967
3504,1341
2345,208
4133,1901
6338,1050
6127,1908
177,115
6499,1718
4511,1458
1189,1540
908,901
2505,1504
4037,741
4606,2356
5506,1636
2107,794
497,588
3856,309
4907,2025
4107,623
5750,565
277,1101
4790,743
187,679
4259,1853
213,1541
3467,363
2093,86
5198,2295
6277,1430
2271,255
5795,641
1586,2328
519,1351
5754,1811
938,2103
4061,2243
2285,2196
2658,1301
218,1386
243,2369
6483,1698
2222,2343
2781,1573
5134,1906
170,506
4466,2104
3673,2215
1384,1340
274,439
4306,88
138,2083
3212,200
3518,58
120,392
3344,1761
4949,659
1924,948
3873,1000
796,478
5278,2103
3329,416
3785,1617
480,611
1200,9
5905,2341
632,2166
698,184
2471,473
3313,231
416,892
5383,1706
4882,758
304,2135
5080,678
3973,642
5542,927
5638,2223
944,1479
2289,1776
3168,988
128,422
6567,398
613,1403
5781,1244
461,1452
1981,633
3824,2177
3972,471
659,189
3766,1969
2040,1837
206,846
10,718
1766,1464
407,1418
5097,1391
1489,1906
2482,1754
2012,1072
5146,1558
242,1415
616,839
1144,955
5913,645
2305,2192
1071,110
2401,1855
5471,2227
5594,613
5040,472
1843,1433
300,1482
3264,2270
588,1698
776,503
3363,696
5365,682
1465,1008
1984,2127
2302,917
5319,988
1532,603
770,2066
396,1020
4705,282
1387,637
392,1184
1413,1954
3987,707
5158,552
2007,1811
666,167
3397,894
1267,1524
2126,1315
4141,24
4084,2117
990,860
5625,894
3131,1659
1603,1946
177,115
1398,927
5946,662
393,2112
34,1020
515,1137
4951,991
3504,1341
5666,659
1323,672
960,2238
2518,1412
1391,361
390,1013
3933,223
4313,1432
2233,2274
6532,753
3826,2006
1084,2174
4270,7
2543,1532
2206,1737
1590,1141
2553,252
5716,1511
1879,2319
936,1484
1005,1490
1183,300
5783,72
1006,1066
6064,981
5609,887
2829,110
1327,2357
48,1481
987,752
2876,1623
932,668
229,691
5866,1996
2108,759
2789,91
4882,758
2203,2212
4796,1077
3379,593
2192,1330
28,2118
6481,1166
3539,1043
36,2011
2383,2142
5194,1884
6608,1623
138,2099
3925,2192
1118,1311
748,2023
1180,1219
60,2060
241,459
4111,1556
6207,2343
1749,1180
596,993
1013,408
6278,1229
959,1383
935,176
2089,2222
5348,1670
2322,354
2705,1985
4299,1496
3504,1341
5520,593
4962,519
5714,1531
1018,697
2486,1815
5080,678
5039,1220
229,691
1240,1085
6517,1452
229,691
3489,1418
3808,939
2300,586
2570,2273
5105,1111
2673,1237
2844,367
2488,2142
116,1452
241,459
4693,1399
5277,2106
1488,446
6370,253
3044,1282
1017,514
3993,1949
2384,1302
197,865
4306,88
3957,1948
4696,164
2453,1168
5362,318
1405,1811
722,96
135,26
6037,1120
4894,1049
867,645
2749,2165
3294,2005
1671,993
2508,1363
1738,1978
440,2292
3318,943
5658,1841
1974,845
369,641
2911,2336
2255,1100
111,1271
785,2057
787,2094
1095,517
4112,1488
2577,811
2069,1495
4029,321
2329,2155
38,616
1247,611
3639,1282
1736,1074
315,74
324,452
5188,1910
278,1344
5972,1787
2623,1703
3413,2351
2071,1615
301,2213
3285,1249
4537,2119
5687,92
3361,827
2866,484
4472,100
3429,2357
1564,811
4292,2020
147,1644
2570,2273
990,860
1744,878
1027,911
4441,1428
3464,502
999,729
1103,829
2976,1859
1702,704
4407,609
5801,1988
191,1909
4602,774
4848,2182
4690,1358
5748,1850
903,497
4577,1399
3898,1636
6311,689
11,2208
4794,1954
1551,191
225,1280
6406,241
702,1571
246,1581
2437,324
115,1938
4677,422
931,75
4472,100
6593,1815
1620,2169
2365,818
1438,1798
2442,452
4629,182
3066,2280
5631,2171
293,1542
258,231
1680,1018
513,1679
5088,337
1045,694
5074,1022
71,16
1127,1931
1039,76
3924,829
3241,205
5427,1024
706,871
5647,1363
478,579
3380,263
6169,1589
62,228
5912,1395
1103,829
4075,2052
1031,655
2066,912
3166,1312
5066,1278
1482,2210
4958,191
4804,1499
5555,1777
631,5
1330,308
1058,468
5985,1933
1415,937
5720,1508
57,90
4270,7
4284,1687
1791,565
559,1994
150,2148
2323,1203
3163,240
5697,2330
2342,1604
2723,1094
692,946
4386,1416
3777,672
6309,1873
398,1872
815,428
5080,678
4616,1864
5273,1772
1049,1813
3338,1789
6,1598
3969,1766
5410,1825
2048,1791
5894,577
3761,1046
2395,124
4874,280
3314,831
2230,1507
1978,353
5851,2209
2589,1189
2974,1794
5826,1123
3499,95
1341,1708
2943,1676
1014,931
806,1220
3736,650
1813,1478
4955,2206
6605,1434
3306,1996
12,797
2350,1747
2028,1912
3155,19
2074,343
5792,1221
3082,2146
6356,2315
1820,345
3612,806
1458,1295
923,1928
1773,504
4186,1643
3804,150
340,1758
87,1594
4832,1741
5192,1010
653,1876
3133,2155
4994,1399
2445,1422
3,1842
1216,1086
5779,2163
2116,961
5449,1763
4761,1415
6078,2358
3176,695
2230,1507
6161,337
545,2077
5805,354
217,1075
424,1763
5886,1115
686,2139
459,2338
810,1934
2769,1487
100,1431
6081,65
1643,1291
2135,816
1912,131
5588,1003
4884,2200
1626,2251
6140,995
2726,2272
761,1343
553,1100
1253,442
386,243
2209,592
649,1533
2322,354
200,1938
2524,283
4635,1838
4471,1129
1191,1340
714,378
2574,2013
5236,371
723,1858
2250,1881
591,825
2925,1042
781,1392
2096,1362
3359,211
726,2161
397,904
940,1873
4784,1573
1016,2323
781,1392
2737,1037
5805,354
2162,966
136,1713
630,1218
523,100
2243,76
5963,312
399,864
10,718
2942,2063
4811,1129
86,2326
4173,1950
93,2365
5616,1849
4081,60
1885,1933
5780,1897
4378,238
5873,1981
206,846
106,456
424,1763
4557,120
2420,733
3151,1375
1305,2149
600,2278
5551,1021
4516,756
2913,1814
32,447
1351,1183
3376,1010
879,2078
65,1039
3485,150
3528,1361
0,27
4066,531
4174,1811
6345,1206
6521,474
742,961
608,45
3783,1644
458,2081
3112,1101
880,1338
1053,544
3907,2349
3634,411
1310,909
313,963
2530,1216
4125,258
3206,742
5185,1597
5106,2073
6390,348
3879,1709
3365,1180
1248,2100
1772,566
2361,1840
1053,544
756,2222
3043,156
6156,1655
2872,1294
997,850
5017,971
526,506
2,852
4218,98
6295,130
2808,2208
401,586
1198,2223
432,1217
4688,1442
3088,2258
471,2061
5743,341
1064,1728
297,118
5244,182
965,2168
6052,598
743,2361
1376,487
1800,346
431,320
19,1987
2249,1434
445,573
219,708
3056,2150
5234,132
1439,706
963,1112
3968,1945
2679,1034
4197,199
961,404
385,1523
997,850
414,1495
1748,1527
5790,517
86,2326
1402,1891
1228,220
2959,828
838,2085
2886,965
2722,1527
2923,26
1936,2058
2909,831
5753,1688
1456,861
6077,767
0,27
457,1242
5393,2330
4939,69
1389,108
5608,516
4738,1927
5134,1906
2251,554
734,82
3389,197
930,2352
933,2226
4887,1573
2020,1893
4156,1395
2274,1391
2843,1840
1653,1596
6311,689
264,673
59,1767
4092,53
3561,47
3164,792
6064,981
844,1331
1328,2186
6092,1852
2627,1555
3349,1375
1229,2014
4729,1487
6497,1834
1839,744
549,1211
3278,540
1180,1219
610,1574
4099,691
2958,1450
5977,1295
4200,1598
6599,718
1784,1580
2515,1976
2161,1976
5833,2041
826,1021
3494,1081
1223,1286
1604,1592
848,2223
6360,890
2187,878
2606,132
137,699
2693,2192
5164,1164
5909,1404
197,865
1755,1578
15,2170
3536,2124
4740,1419
4012,348
1791,565
5481,2107
799,1513
3733,1404
3755,663
222,1515
82,1870
549,1211
5525,1539
2949,913
3211,2362
3480,2148
1613,1217
2606,132
4133,1901
1593,1802
6582,637
6437,779
2750,1888
1235,45
420,687
4912,2161
2288,2350
3587,243
2815,1771
841,2158
3979,1343
5531,690
1907,1672
1821,34
699,125
6430,1273
2045,1350
1889,1839
2500,2023
1124,823
1198,2223
6199,1125
29,1129
689,1109
5422,2178
1760,793
5071,561
4669,909
2329,2155
2447,1869
589,2320
3121,317
241,459
2185,904
5601,2154
2912,431
3419,261
1563,1202
3646,988
5670,962
5006,903
694,212
3316,1792
1112,1466
827,2095
399,864
3905,2193
2172,769
2858,2199
6370,2274
1366,773
5060,1199
1021,2356
4677,422
5956,1339
2122,876
56,1245
1698,1680
2136,1731
1688,745
5586,758
1778,1241
5219,995
419,2036
688,1670
331,1231
5924,1124
844,1331
1061,1812
2931,718
1650,577
1279,1563
5186,2196
5418,2139
6109,1766
3987,707
4572,1909
5469,775
2924,1229
6451,344
5089,1605
4080,310
3788,724
6551,442
760,2331
3164,792
2286,559
143,883
891,1247
3991,36
2705,1985
25,1307
54,1893
1908,1835
6455,163
3248,1456
3940,2050
3868,1632
6244,1273
3407,987
548,1520
5243,1919
1190,433
5036,690
1690,2050
3810,1835
6484,1129
3817,678
132,2232
4861,1856
5258,268
6329,2134
2091,1103
2756,1054
6440,1226
4206,296
1586,2328
170,506
2824,1776
878,439
989,1785
2051,1811
6175,1439
3112,1101
986,2054
177,115
3100,714
4511,1458
1517,1973
3215,1055
163,1282
519,1351
4203,1932
52,1603
4218,98
5480,340
2835,1497
6083,214
2632,755
3293,881
1127,1931
2180,792
4601,2232
433,1262
6555,1495
4039,220
6248,1624
791,1866
4577,1487
1620,2169
6268,997
4460,1744
2807,1045
1369,291
4200,1598
4952,1900
2336,622
4360,1276
1753,552
2950,499
1188,1853
5110,651
1015,1858
80,2208
3034,1048
2311,2088
849,850
5701,709
5903,603
2291,904
29,1129
5155,2090
436,1514
5100,77
1790,400
1254,20
3126,1246
4995,1325
4051,512
2763,1336
3983,1400
870,1145
635,929
191,1909
6073,1526
2026,158
772,1687
1462,12
4769,2089
498,1000
3776,2224
6400,1558
3894,1602
1944,946
4695,810
4278,2247
1966,1416
3620,1897
1369,291
1725,1303
6032,2191
833,2366
472,608
2422,2351
5433,561
3739,1389
3370,1625
1258,1934
69,2032
3784,1104
5999,730
167,241
4390,144
2610,1017
45,1282
1797,579
3933,223
4637,1813
824,184
3655,1027
1791,565
1636,1579
2499,2253
626,115
2020,1893
3328,257
1606,1675
586,18
6217,2244
2186,2169
136,1713
2963,1813
333,407
786,753
5620,1023
4396,144
2353,47
3166,1312
2459,580
5182,2268
650,2291
2645,1325
331,1231
5412,944
2708,725
2272,1663
1650,577
1781,1832
6071,2167
76,805
4343,2144
142,324
2744,985
3523,2251
3667,550
1139,2244
1370,841
4109,1906
41,101
19,1987
6469,678
3827,1908
4084,2117
5566,1631
4284,1687
2348,1201
389,272
2320,954
6380,176
2669,1517
6604,594
1314,783
5932,1694
4133,1901
863,135
2509,1051
4034,2203
5802,1730
3154,2289
824,184
5417,1753
3771,1396
835,331
5694,1978
1090,635
2088,1128
6150,619
5780,1897
5893,942
2100,993
1767,1284
3192,231
2008,1688
81,96
4091,465
245,1706
2162,966
1967,1980
6062,873
3141,1690
1156,1174
6424,1482
1029,1077
6183,2236
5525,1539
439,1528
3370,1625
571,2173
5402,115
1666,593
157,704
1485,561
4692,1307
1460,2022
272,1767
3029,611
4209,273
5057,1564
734,82
4518,1556
2405,2041
2055,2007
1960,1688
723,1858
4747,694
3784,1104
1407,654
387,1050
186,2175
3885,2153
1892,704
1147,1160
614,2040
1952,638
1975,927
1408,1454
4694,760
1742,217
4199,739
5316,189
125,2291
3022,1806
2413,1523
285,1192
3111,662
5100,77
645,2345
362,872
85,2079
413,303
1945,1180
1379,875
969,2047
4371,1843
5134,1906
4079,41
4006,1045
1191,1340
1904,2026
5091,1001
3854,320
1431,689
1325,1323
2169,178
25,1307
6499,1718
564,562
61,2117
5205,1399
246,1581
5864,1794
380,229
4453,9
6542,93
1053,544
4341,2203
2833,714
90,369
835,331
386,243
3304,2204
2484,2056
1264,1209
953,428
18,1694
95,2361
5238,1397
988,1316
15,2170
5219,995
110,708
4869,252
1841,525
791,1866
131,192
1750,1978
3229,1931
278,1344
2522,1927
5453,362
3610,1151
1266,1058
5337,1123
2016,872
5556,543
1806,814
3169,329
4488,2302
5223,1890
2497,859
3341,172
1066,1871
1667,58
1121,1083
1653,1596
6659,2182
462,1395
3155,19
6500,464
2184,2042
894,1120
6089,2085
228,1869
819,1646
402,1404
5644,267
2996,383
3121,317
6547,1
2482,1754
3775,92
4080,310
3342,816
296,371
1909,1067
2588,1224
5463,1375
84,916
294,2079
225,1280
5781,1244
108,844
301,2213
6412,554
4037,741
3078,89
6086,1096
382,485
366,2275
6416,1839
2572,427
6073,1526
4882,758
2347,2261
692,946
218,1386
4795,797
2373,1699
2320,954
2518,1412
1238,1262
2959,828
6642,220
815,428
649,1533
1688,745
624,1120
1022,2252
5119,564
203,764
3273,1623
2258,1433
6001,336
4125,258
63,520
4322,1217
4782,342
2596,791
3690,235
2210,15
3340,190
6514,1174
4793,1588
4085,934
1319,2268
2074,343
1091,1928
2753,1130
178,623
1616,1881
6371,2259
2430,2228
4873,390
5613,2362
1043,1213
3843,431
143,883
5127,1762
2213,768
5501,582
3485,150
913,1473
4775,631
3815,2162
1828,1699
547,972
4944,1146
268,1288
3405,2257
1143,276
4446,540
1794,584
6209,235
5648,2106
1616,1881
1428,541
2415,1689
326,1740
1099,1131
1335,466
5448,1087
5983,478
94,1461
487,529
532,14
1278,2216
5272,1320
63,520
1179,1904
2524,283
6309,1873
1652,2212
2595,1315
91,253
4092,53
4798,178
5996,1815
6311,689
740,925
2468,2367
6367,158
4461,760
2720,690
4705,282
5812,118
959,603
1662,1367
1354,405
2387,1140
6632,1856
4767,2238
5721,2099
3393,2077
3500,110
2035,41
5759,1565
3598,475
840,2238
27,1182
5047,720
2484,2056
6,1598
5232,191
2899,149
4158,319
4522,1319
30,1460
4092,53
1651,671
1178,1107
3645,329
4716,1541
265,597
2002,1754
598,719
5345,1849
2079,2332
1912,131
94,1461
369,641
1754,2268
5915,770
721,2268
1914,205
2368,371
2793,284
682,1610
3054,915
3862,473
1868,1171
2289,1776
6403,2008
3590,1004
734,82
19,1987
1083,2330
3071,1938
1260,721
6433,470
551,2059
5649,1015
3057,228
926,52
1799,2232
4239,1831
2189,871
3176,695
1076,2088
3967,1004
1577,757
3795,1023
5210,1846
4576,1365
3674,143
3122,954
4716,1541
3324,607
5390,1558
1369,291
566,1133
4523,2016
2022,1274
1880,883
1837,2003
3959,809
5256,830
724,894
2113,1963
5670,962
1361,1052
39,796
405,323
61,2117
2117,469
6575,852
2995,1941
160,1789
3239,377
2753,1130
6380,176
4913,1745
4434,1368
864,979
1424,877
2245,1215
4768,1903
1723,636
746,1170
1118,1311
884,911
4885,259
531,2272
2091,1103
3080,432
39,796
1260,721
4488,2302
4985,1086
1966,1416
298,370
2018,1265
5843,670
195,1028
586,18
944,1479
3126,1246
1,1198
1991,2247
1457,46
1975,927
214,1564
778,356
3686,984
3270,426
492,129
3167,2187
1648,533
263,958
5633,913
1357,1365
3987,707
5130,1355
769,29
1197,1257
343,1795
3321,121
3236,292
2909,831
5726,730
208,1984
5703,357
2147,277
4253,447
3844,1622
1451,801
400,499
4256,1300
438,722
773,877
1242,52
4528,1160
806,1220
1355,248
3360,482
428,1600
6240,1851
2121,1976
205,626
2316,1577
4504,1251
362,872
743,2361
1941,1445
157,704
6055,587
6347,8
2926,728
4167,114
295,906
4156,1395
108,844
3628,1932
5653,525
1332,178
1304,170
289,1167
3984,20
688,1670
3548,2360
6071,2167
1672,1286
5574,289
4749,625
2952,186
1410,1068
577,1138
3151,1375
5772,2296
4334,1628
1716,367
66,1360
3253,1431
1225,1996
5842,2113
3737,84
1539,1870
4993,1579
596,993
6171,808
3028,2047
248,27
922,2136
4443,1348
4705,282
2334,2264
2943,1676
6452,665
3414,631
1527,400
2283,632
4491,2239
4884,2200
1757,584
5069,141
1562,2186
4364,2058
119,2057
1858,100
3297,1606
674,328
