lhs,rhs
2454,138
291,131
47,302
2239,135
127,5
1675,283
1904,375
2372,132
475,142
1394,383
1101,403
115,107
84,111
1344,384
112,244
452,11
2739,86
358,410
14,402
1400,94
60,394
2334,264
1578,371
2000,320
1317,156
1976,183
2703,368
1273,258
104,179
2563,71
2725,407
1885,247
28,321
2439,4
2097,84
1051,408
275,218
2698,53
1124,107
1434,164
2731,21
2725,385
975,98
887,315
2675,131
2152,100
856,57
956,5
295,50
1913,176
1010,368
1805,267
1557,95
327,7
500,71
1725,366
669,108
1509,257
1531,329
2113,399
2024,323
1315,26
1380,290
1245,68
214,106
222,123
1682,102
1996,9
2275,153
48,120
1509,381
247,385
1273,100
187,316
814,226
2748,25
182,69
1879,55
370,79
2034,169
874,8
2401,249
1682,21
2731,285
1643,385
2555,369
428,216
1851,196
1438,243
234,197
245,237
678,114
835,365
838,135
1578,385
217,13
2634,281
2038,169
2187,378
1264,246
694,282
2128,89
614,125
627,339
426,10
760,295
744,182
170,3
2611,224
1190,366
2461,382
2620,375
228,174
2108,400
2421,83
492,77
2523,375
2457,412
268,213
749,161
1404,259
1411,407
1502,194
2300,315
1425,297
1288,384
226,364
1425,219
59,174
368,362
906,228
844,335
36,256
1370,15
2326,415
27,341
469,313
2278,366
1436,191
234,379
279,335
926,323
2084,223
100,238
2410,373
506,353
198,357
227,250
1951,403
1904,325
1369,257
82,353
1495,258
778,59
917,51
371,219
2624,121
2629,66
809,403
1485,162
511,230
948,147
713,161
440,192
24,340
1493,166
404,288
1953,380
1971,322
132,188
616,218
849,315
310,166
897,15
2715,135
513,373
2453,374
246,205
311,118
218,267
326,172
172,235
2475,261
1970,159
667,233
512,286
1225,90
1960,194
2688,60
108,240
1990,61
54,97
2695,351
1424,50
84,130
1002,295
2697,222
1177,102
969,157
1111,120
599,355
1552,2
231,50
2132,285
285,9
1993,260
878,320
1908,300
645,69
845,145
2644,262
945,26
2497,401
266,275
2754,398
1000,37
49,141
101,142
1398,246
1156,242
669,101
324,248
2444,343
1560,59
1397,400
2496,10
1897,344
2456,216
64,4
334,60
2232,183
957,276
591,27
1150,70
21,87
1453,190
788,359
2080,266
2562,229
523,16
1600,72
2591,148
1068,366
1933,52
1915,126
2483,329
401,92
2124,165
2418,270
808,257
454,202
673,204
1044,229
2172,417
1292,63
1093,69
1290,343
139,160
2241,280
193,261
660,357
1555,40
2263,404
837,134
2217,234
1059,409
1073,136
1817,283
2095,318
2400,193
66,66
1542,85
39,342
1586,243
1934,86
1120,43
58,176
1643,109
579,108
551,13
829,21
2535,415
2346,394
714,375
2431,361
458,205
1807,95
2131,298
1638,59
2022,402
2578,361
107,121
2142,54
1376,166
1482,126
1362,110
2667,280
2348,4
2339,266
2265,18
248,5
1815,225
1307,415
441,30
1660,183
993,49
1686,347
530,79
2338,254
1770,31
278,298
193,312
1669,269
1548,120
1261,70
639,306
1349,308
12,63
2471,294
1626,280
233,396
421,166
387,269
485,201
2029,227
1902,324
1960,262
1590,9
836,351
1247,242
533,156
2737,209
1646,75
199,126
13,397
1468,217
134,362
2617,185
1893,354
621,243
1993,411
370,214
1139,369
2184,123
2503,186
287,144
8,411
1702,70
2764,249
1921,44
45,326
1458,42
942,101
2344,75
587,202
1950,387
727,94
110,82
2504,194
528,84
1525,320
2084,187
528,33
2552,268
2580,399
77,193
2599,35
587,16
127,53
2060,257
2735,205
297,303
2305,3
1199,201
2196,409
160,290
303,51
56,200
708,222
2205,152
1778,157
1515,255
1150,202
888,304
1489,316
755,212
2361,143
2367,260
2536,58
52,131
865,351
312,414
642,322
1718,126
1156,34
1212,133
1757,138
1234,339
1951,122
1047,138
777,369
1512,394
688,202
1255,238
1016,238
2198,399
1808,246
13,403
1460,97
484,356
2462,115
1089,380
1606,342
134,59
2314,69
1620,153
2697,375
1270,128
434,362
265,385
1661,278
1457,203
2166,22
277,140
530,69
2146,43
2562,48
169,174
2144,372
2064,309
1252,249
1060,303
595,69
1374,361
505,395
855,116
73,410
277,297
1928,20
721,336
2267,3
240,182
817,190
255,165
2203,141
555,236
1338,149
232,210
95,38
1205,356
2420,235
1601,279
2301,387
1219,238
1327,7
1084,403
2311,242
1658,203
1256,401
2389,49
1741,197
1816,153
991,317
623,255
370,262
260,67
1942,300
1965,53
2373,139
2635,193
691,275
1132,110
1833,207
1829,319
1815,356
2640,179
165,21
896,121
265,84
1083,134
1581,94
1163,289
1140,234
1870,202
1504,307
1255,333
978,256
354,265
2203,58
445,378
1404,324
77,297
568,353
1628,212
514,24
201,276
1601,1
1621,108
2527,295
2544,398
2643,132
752,415
1256,250
2704,343
868,295
1377,53
1402,123
44,166
1775,389
164,174
45,142
1539,330
2700,57
1054,339
46,203
761,264
62,61
1906,218
875,123
2594,326
2376,257
2478,162
3,112
1726,343
2247,405
3,393
607,95
122,202
11,383
547,90
10,351
463,335
1967,316
1331,284
1356,325
2551,1
162,366
297,263
2509,75
952,101
449,304
2109,178
292,211
1526,228
2132,33
361,232
72,169
1293,237
2754,15
2010,122
355,83
2561,395
2770,274
1570,110
512,348
1060,142
507,361
2761,131
1371,257
2602,413
1125,270
638,58
2101,15
163,159
1763,269
2151,22
1648,317
674,4
1636,46
1638,57
2605,104
392,25
1541,170
1395,204
2131,10
2661,63
1014,169
2576,338
2465,186
923,361
1073,264
2700,86
1476,270
1602,84
872,412
917,233
663,311
2628,113
1156,101
2195,379
885,404
2066,331
2770,408
576,218
2276,362
2634,205
37,175
1290,354
1121,88
2088,52
1176,132
655,265
2164,128
2365,32
1344,278
70,304
835,207
1273,137
2194,39
2345,236
1211,244
1607,74
1882,241
2099,60
610,318
1451,188
1117,4
445,407
2278,178
76,416
1619,395
2188,47
1892,229
547,334
1280,268
651,116
979,236
819,376
256,234
1862,274
1418,206
1339,392
652,208
107,315
1034,340
526,266
1007,30
288,17
2156,292
27,213
878,221
621,282
709,35
1844,30
43,259
561,131
1322,344
1419,208
116,116
75,315
2058,86
2424,277
747,345
2734,386
2658,41
170,87
94,187
236,180
2133,10
231,296
32,335
661,356
2191,107
959,223
1352,219
981,78
776,71
1286,273
622,278
1481,343
1871,297
1425,257
1344,417
843,143
185,411
1274,348
937,256
405,193
1940,174
2674,45
1161,411
46,37
1557,242
2730,116
2137,27
806,329
1524,265
1167,80
1074,191
2093,260
1990,62
686,219
1727,228
954,273
1480,87
74,195
2685,130
2289,206
693,271
1217,377
617,8
237,391
2440,415
2185,161
995,102
2541,274
2383,234
30,358
204,313
1493,395
945,329
2673,376
2710,357
1610,268
2016,318
2402,253
2386,122
1083,353
2289,86
1849,358
1343,41
1284,292
2721,171
76,253
719,6
33,169
211,49
442,167
913,78
501,14
2603,17
151,153
572,68
2397,322
1494,51
1285,9
2096,356
974,139
2390,235
53,408
2088,237
1438,320
2623,126
1968,210
55,360
1226,1
1528,34
2171,226
767,283
1253,372
243,249
1318,265
1375,119
1130,175
2377,391
835,339
0,136
1692,382
210,79
25,287
1063,88
1371,45
1220,21
1544,141
1624,416
2659,168
1046,8
2184,62
1914,131
2326,140
2287,366
262,401
2022,217
951,202
2338,131
2495,334
445,221
240,140
1498,366
431,37
2145,120
191,346
1580,151
898,308
830,154
889,11
125,57
1920,353
114,249
421,289
1968,289
1119,209
1284,101
800,32
1266,284
2233,257
2591,125
0,325
935,186
2041,29
419,133
2223,387
2549,93
260,89
547,221
2461,120
1224,347
2400,365
24,365
1215,226
1152,13
2550,388
99,351
1302,79
2244,376
2220,405
901,8
611,132
849,194
1495,383
732,112
1823,149
401,88
1402,221
98,96
1428,273
1595,264
1398,139
974,21
110,248
981,123
2570,8
2672,248
279,149
2515,408
1980,387
1762,17
2292,144
1755,300
2097,240
2527,135
2513,371
2643,268
1294,29
595,409
1816,388
2548,46
692,136
673,243
258,131
743,322
1100,100
2718,94
1453,337
0,198
1262,250
131,281
1716,83
2396,27
52,203
1456,405
1339,268
123,89
90,184
1693,182
553,208
1237,310
2187,284
1200,56
1492,180
316,246
11,395
189,89
1930,185
295,142
88,318
1224,27
372,160
1855,393
663,363
1594,14
1462,377
1365,245
1425,263
1737,170
362,401
105,62
2625,398
305,241
560,82
971,393
1699,264
1782,287
2556,339
276,315
2116,77
1445,365
499,387
664,261
2335,321
172,59
1403,339
1895,321
1593,82
1412,204
1959,384
1844,137
35,142
1097,61
929,326
1306,179
1026,411
2257,350
2438,242
39,265
2085,40
1572,413
2340,140
1663,126
397,202
274,15
862,134
516,300
1165,400
282,260
1631,400
1099,266
1419,294
2416,269
871,386
2071,228
456,102
1402,232
387,326
392,374
482,82
548,113
50,254
2083,334
912,307
762,197
2313,230
1364,244
478,176
144,128
2737,370
1224,403
617,384
319,170
182,315
2388,65
896,134
1222,271
210,142
1209,122
151,118
1474,284
2275,27
2754,323
59,356
741,416
2568,116
1566,312
1619,356
2265,301
2528,61
2240,415
1188,73
949,165
95,96
1828,368
809,89
580,165
16,36
196,250
322,322
1914,142
384,317
7,223
1567,297
2624,247
1162,6
2451,290
2287,3
445,329
1069,39
680,148
693,202
2707,407
2034,404
1133,6
1675,139
2568,160
784,58
2145,244
151,270
1729,257
1423,43
1162,195
437,154
2051,306
1930,281
29,237
1475,296
1351,319
1267,127
632,103
1147,364
1740,46
46,215
1020,109
876,269
853,205
2416,263
1444,388
1694,336
2084,114
1062,263
447,212
237,363
1897,43
698,296
2447,204
1484,131
217,230
624,219
840,77
313,351
1324,130
1493,358
583,157
2548,345
2739,159
703,175
122,360
2022,144
1644,86
1858,249
556,240
144,329
1974,348
320,50
111,387
249,407
1706,235
1973,140
287,287
96,107
1669,126
234,406
1866,316
1588,90
131,377
2252,287
2102,369
1156,365
960,351
2022,15
215,415
81,262
712,377
592,222
1646,12
503,211
93,22
2245,103
799,228
721,239
1784,284
164,32
2528,54
2105,348
535,87
1530,156
1339,181
2749,306
1931,370
2618,81
1794,98
2369,304
2472,198
829,197
1140,234
1358,180
2319,7
575,299
1764,344
1221,44
2203,364
988,158
627,65
1843,164
1883,311
2158,371
865,149
156,229
1237,71
959,71
1014,247
656,19
592,195
254,3
2069,346
653,310
387,96
2520,392
2691,322
2368,336
2098,226
481,241
179,234
2025,378
368,51
2631,359
1786,330
559,241
767,171
556,272
537,119
2157,99
289,374
586,329
290,135
1203,397
381,239
663,257
777,19
2628,298
410,80
380,155
752,23
1293,35
1199,328
56,162
1229,167
1119,260
386,176
2770,280
2755,389
1807,44
546,7
1640,340
562,244
371,31
809,154
2328,7
623,103
96,308
962,101
577,122
1371,152
1197,246
1283,58
2071,3
1494,290
404,19
2015,281
612,116
738,318
2151,34
944,292
1280,413
2065,157
2186,219
397,359
2355,356
1191,96
2255,234
1287,82
883,261
805,122
1836,56
1833,278
1230,121
1636,401
2580,16
1052,372
848,301
1018,342
531,348
828,346
1560,251
2717,79
18,59
1346,226
2526,68
2532,201
551,144
238,305
2330,415
1297,139
2175,386
795,113
1242,329
1830,186
2331,2
490,298
1945,51
650,300
104,13
92,380
179,123
2108,366
1615,135
1279,71
1554,76
2363,321
2650,222
557,32
556,354
1183,368
716,118
7,300
1901,73
1623,155
514,244
2673,305
1699,331
754,64
543,333
186,76
1510,396
1194,397
2684,350
1180,177
105,390
2006,45
50,278
999,208
962,365
1178,369
388,210
2085,293
21,360
2238,86
1317,244
2038,258
1611,113
160,390
1143,151
1342,375
56,77
567,356
464,292
393,93
2047,195
2307,301
263,355
1469,278
2079,275
993,365
173,160
627,355
1349,231
421,59
410,214
562,228
614,22
1047,49
1331,263
2403,266
2347,343
1119,272
2366,399
718,89
1211,70
2251,406
1078,129
266,14
1514,180
170,122
1935,62
1518,2
2334,323
352,191
459,110
885,6
1676,349
619,376
1933,195
1119,244
2701,133
2212,269
1947,32
2220,27
1105,160
243,376
2663,38
1101,4
1452,392
251,94
1567,316
845,191
2597,376
322,402
822,173
1470,10
1106,302
1041,195
1862,179
701,90
542,310
15,19
595,327
2515,133
78,252
2510,322
2383,39
892,82
1773,196
91,170
1580,279
1113,108
1188,98
2674,89
1438,122
19,57
1555,258
992,361
8,396
2536,125
2295,26
1659,28
747,254
1665,354
688,206
2110,351
2584,137
1919,270
164,226
268,292
21,293
2090,163
34,330
736,362
2574,36
18,51
5,169
1488,92
2148,207
1319,294
271,354
599,339
1629,375
997,31
1690,104
1065,212
2620,131
2348,138
1750,281
723,353
1789,415
1070,234
1521,204
17,22
535,416
429,39
1157,304
856,178
612,321
1174,388
1569,218
2751,294
538,286
1180,130
547,387
2470,264
200,300
1654,236
1263,177
192,394
1503,310
2416,32
1766,414
133,356
218,80
390,284
1774,248
670,398
58,351
2300,250
1230,294
2612,205
2075,80
605,127
88,53
2108,156
814,282
2511,246
860,330
2311,150
2490,6
1659,103
1716,385
1715,80
2748,274
325,199
1181,26
2243,226
2134,193
2085,220
2109,379
2447,377
74,170
2291,380
2115,21
90,210
593,327
1880,393
1966,66
2109,350
656,315
1298,18
1045,300
2185,57
2550,186
2017,45
343,221
225,29
1471,1
302,180
1082,383
2555,156
861,126
2492,410
2291,411
296,213
853,229
1116,401
2401,96
1684,281
542,149
2295,253
2172,70
775,337
86,208
2571,100
523,194
1167,208
1012,374
2694,320
512,373
1531,230
2139,302
646,371
2643,291
317,369
628,221
844,241
1250,316
205,378
2671,298
1307,322
935,24
1320,182
2681,149
1702,218
1571,367
2765,318
2441,16
2298,338
1801,217
902,353
2588,181
1187,101
524,205
231,409
1734,213
167,50
817,205
2378,55
337,394
1982,349
0,395
2166,17
557,90
2496,6
2097,68
990,396
1148,112
393,178
1275,76
2,280
677,402
630,122
711,135
2673,20
1020,37
1509,224
1308,242
2600,155
1078,20
19,300
207,398
2699,21
1573,320
1580,171
2429,114
101,213
213,97
834,318
2217,378
1319,253
1438,303
361,317
564,122
85,59
512,379
2493,23
352,142
178,89
176,33
2509,232
263,55
1350,295
2156,185
990,315
1418,87
462,226
549,5
1334,58
2660,245
633,20
1675,4
2221,61
2036,66
176,119
2756,112
1519,26
709,112
2579,287
1731,240
1862,89
2438,298
338,342
457,117
444,411
225,88
1503,144
971,93
1941,64
982,106
678,305
1159,86
45,266
375,278
913,162
2421,9
1371,128
2751,295
942,351
4,295
2743,239
1779,280
244,166
241,367
2622,247
87,119
332,225
2321,195
994,89
2543,190
1319,250
1355,323
1442,347
236,126
495,169
2154,201
31,322
2378,347
1408,28
2421,350
1437,383
1465,222
804,81
738,283
1694,131
1544,296
802,97
145,342
789,329
1340,108
493,28
970,345
180,303
2752,148
1258,284
1318,4
1243,54
1572,56
2565,346
2245,48
471,64
2731,202
1139,117
1647,211
47,103
1917,240
1584,354
872,296
34,336
766,72
2234,242
1258,164
2021,238
1361,417
892,274
922,190
1121,328
2727,390
1152,278
1424,36
2494,143
496,385
418,282
1944,12
1820,136
2132,340
1899,368
478,76
53,120
851,318
2050,67
1489,342
754,271
288,343
2500,71
2482,198
1790,331
1973,8
0,328
1474,64
289,198
384,190
45,375
570,333
1626,54
428,6
974,388
571,181
70,319
40,287
1007,215
988,266
1600,311
2386,51
2581,242
2384,234
1331,354
2632,336
1001,148
1605,142
1233,66
862,413
138,314
1345,326
2450,262
2440,46
1446,128
999,263
1821,198
2030,265
2345,346
1285,78
50,359
34,36
2593,100
676,12
98,158
1363,303
443,81
40,249
770,254
208,163
2078,141
1435,181
2760,371
1646,15
1564,313
2552,324
69,248
1296,156
2303,403
579,312
2015,73
1981,60
388,320
145,151
1092,224
316,175
1399,264
1170,146
1937,275
1250,263
2222,413
2047,65
323,40
1883,259
2188,144
652,129
1031,368
1773,56
136,246
26,80
487,246
1365,196
2646,156
73,411
2341,400
72,212
2269,100
2668,80
35,227
1199,364
2570,368
801,376
2477,11
353,48
698,404
2528,32
1442,225
1366,365
2587,100
2008,33
1578,339
150,380
598,278
208,28
14,381
390,178
952,127
1420,323
902,20
1698,116
1421,372
2761,219
982,216
367,205
2759,35
1367,403
400,183
58,256
2338,36
757,268
2063,17
590,111
1516,409
969,34
1788,6
902,186
2684,85
501,117
944,110
1589,386
1861,92
1304,43
2224,75
1319,412
424,363
496,218
2323,94
1117,383
1574,14
2664,140
463,139
771,65
471,191
265,237
1753,381
292,313
264,159
1361,360
2601,14
123,104
609,214
923,76
1028,385
2399,39
2354,372
575,417
1886,194
345,337
1134,22
752,221
180,344
272,399
941,187
77,23
1479,301
1306,325
1619,378
2582,5
2620,90
844,283
614,3
2006,358
1042,275
110,74
2379,382
661,317
559,213
73,168
906,342
1892,330
445,251
245,242
1641,395
230,24
2007,193
699,104
565,405
595,250
2423,259
5,290
1612,289
1913,238
2268,42
2246,285
1049,337
733,402
178,3
436,93
1695,136
2038,248
1714,112
1411,227
423,399
532,64
66,174
1470,387
1598,13
1711,146
98,135
1393,233
956,233
2428,296
180,312
1157,334
609,93
483,45
212,248
1513,37
2332,287
728,27
1675,111
1591,13
2663,93
1136,406
245,163
1838,300
2541,30
1233,54
729,240
1102,77
1862,61
912,171
2186,328
2635,208
2759,151
811,170
1241,155
954,218
112,247
1783,169
1196,117
720,259
1544,118
2128,22
1154,0
2041,263
899,54
1004,366
1725,185
772,171
1901,193
1457,6
2182,62
1679,113
1364,18
141,320
2369,12
2678,353
70,350
775,345
5,409
4,55
1165,24
675,171
2030,92
1338,95
1008,359
2135,172
1186,105
2413,314
1953,178
872,99
1156,408
683,254
654,345
817,161
24,332
1902,138
1315,178
1067,400
2696,55
528,267
2067,337
706,87
509,380
2304,386
599,44
849,97
923,348
1303,49
492,132
693,76
2071,107
55,315
115,351
239,97
750,31
1597,63
983,152
1082,76
1249,75
500,186
656,133
1091,386
230,121
178,348
4,376
384,57
244,107
2456,201
1091,378
1,269
2463,378
485,307
630,15
1599,299
2072,258
113,229
980,57
734,6
1404,190
440,407
1115,248
2292,1
1687,404
1747,236
2289,5
2346,213
1660,54
1189,283
1261,55
1077,302
285,111
1002,124
2693,155
2510,100
852,328
2484,410
767,31
706,100
1464,228
1208,199
449,383
1760,347
2626,23
367,101
2595,249
2633,271
2745,254
605,92
2073,140
884,228
1506,115
88,351
2241,231
1241,121
1667,169
1718,218
1685,390
1159,50
1618,64
2710,30
2401,75
1418,102
2547,115
2634,220
1783,359
1344,15
2614,204
2679,248
742,246
725,405
2096,198
871,390
1836,1
1852,95
742,360
609,20
662,11
1122,66
2282,146
1303,8
263,4
961,200
1228,143
262,52
2058,165
2174,137
594,111
559,78
1007,315
2463,22
213,156
2468,243
2691,38
127,187
2488,180
1018,202
1824,322
2690,372
268,185
1356,238
1159,274
306,44
2544,352
708,334
2458,209
1342,154
2264,378
1453,358
580,310
5,407
1749,3
386,262
1872,212
450,288
926,351
72,195
2490,390
207,178
8,207
1769,266
182,19
2313,189
2225,415
96,204
1521,231
1873,143
691,64
950,176
534,182
1774,184
384,86
2099,191
1921,118
403,88
1533,123
1554,30
186,390
930,21
219,48
1545,109
2657,348
2385,136
2098,15
1218,289
349,82
2209,171
305,119
411,384
1352,128
15,344
724,0
440,45
49,360
1531,249
249,15
2536,238
287,393
218,414
1244,389
2568,338
1413,272
875,240
1133,102
1224,168
615,42
1565,84
224,324
314,250
1226,370
1685,84
1213,326
196,323
2444,341
858,358
661,23
921,206
991,93
1699,109
2596,158
1728,88
1577,178
842,140
1908,0
55,74
2688,167
752,388
1263,413
1062,340
1798,25
1678,139
2233,88
687,6
1537,34
46,161
1602,346
1249,190
199,23
160,128
1951,0
867,210
268,160
281,223
848,5
1828,233
169,323
1648,260
2613,359
1268,106
819,99
3,293
2619,135
532,387
885,346
2024,334
2412,128
967,117
1884,198
355,283
2087,58
1481,86
656,262
2143,7
1793,58
2768,26
298,199
1114,176
110,329
842,148
1787,10
1552,226
107,122
2758,387
2050,315
135,112
2104,355
1602,180
657,44
2707,122
2154,144
585,320
1843,120
1109,298
581,24
1085,409
2191,303
333,341
1083,199
1727,242
1477,28
2442,216
317,222
198,346
321,405
1446,246
1484,386
140,197
313,146
798,2
35,153
894,331
497,107
2041,14
267,266
2413,189
2263,335
2326,133
28,233
1397,284
2559,50
1519,284
1417,45
1146,72
1000,39
792,146
2359,175
2057,215
2430,72
817,101
1907,15
1915,416
1121,114
1902,326
369,137
204,12
57,296
288,265
702,368
751,373
880,215
949,330
112,333
371,400
2261,237
2047,214
1890,336
820,262
849,332
115,13
2087,215
510,275
2243,179
1841,184
1057,81
837,74
1417,319
1649,276
842,388
888,146
337,125
1686,167
347,131
2180,43
36,302
348,82
1977,238
94,280
1194,212
110,223
891,90
289,215
1229,365
1550,24
908,206
2144,242
1967,321
1280,94
1207,373
78,27
611,376
1639,366
505,150
1437,294
2194,386
2156,242
1215,413
1565,314
354,293
516,276
873,45
2526,79
629,65
1253,396
1525,40
306,215
489,161
102,415
1913,53
2367,153
2263,337
2186,122
1174,382
2305,219
1387,38
2734,313
470,385
166,344
429,361
645,274
1078,399
1850,147
147,359
536,302
1791,3
2108,411
2241,140
1387,329
198,132
711,194
939,224
881,69
14,32
7,379
1093,282
1349,379
2461,16
2377,47
1703,383
1459,234
1126,227
2356,116
2626,32
2141,228
2239,85
1750,59
2196,99
2054,398
621,207
2088,412
2301,405
130,410
1267,274
1979,4
834,318
1808,251
1603,396
896,115
2524,44
1168,279
1949,273
63,259
76,192
923,44
2005,256
499,179
897,209
320,77
368,123
66,325
1775,307
1718,18
1100,299
1661,416
406,175
2718,158
1071,241
169,39
420,149
2435,156
215,308
58,195
2385,338
1515,1
1431,220
1610,339
2693,243
340,401
354,197
2745,231
345,189
1372,351
643,64
1306,401
2146,218
1913,416
2469,12
1543,135
2658,13
364,0
1202,172
2342,385
1838,275
2189,188
1055,83
1376,343
909,203
1834,400
789,152
440,191
1178,8
1281,183
997,405
914,270
556,282
2063,256
1894,150
2468,271
379,125
2269,383
1384,296
2656,327
9,214
922,357
780,14
762,383
2470,39
302,66
462,95
938,392
1291,313
8,66
2634,370
1300,280
725,108
1492,148
1865,177
75,28
940,11
726,250
1116,232
908,30
2640,363
2715,409
1744,56
72,238
1383,142
2296,100
2293,8
1074,85
1632,168
100,86
327,298
1296,158
2247,273
699,249
1746,190
1379,315
1952,301
95,362
1066,208
2616,72
1988,275
1063,333
1188,58
1370,341
1211,366
186,237
1437,30
469,207
2244,327
1262,144
215,158
1727,310
1206,240
594,190
707,271
1031,185
1081,216
253,70
894,403
953,233
19,179
2406,16
2587,7
1284,163
1560,301
1463,266
1906,256
852,57
260,229
1226,274
2289,108
664,130
1143,383
74,385
1801,252
2522,15
479,179
2188,406
293,124
2689,8
2036,287
1575,409
1220,353
553,267
215,158
1598,122
2123,242
1670,416
2353,382
93,117
564,61
2511,82
2425,265
4,97
29,86
1466,393
824,144
1074,35
2077,95
682,303
1217,341
2620,165
705,8
1422,98
1886,385
373,334
403,58
2400,107
471,39
772,42
1240,262
26,256
2051,31
240,384
1469,379
240,24
178,71
1403,254
760,316
772,147
1912,242
165,35
229,282
48,389
82,254
2085,84
698,50
456,243
49,9
1022,4
1286,249
353,327
421,199
1846,301
5,235
504,10
201,371
659,221
371,328
1427,353
1610,175
1184,54
510,282
867,398
1717,241
1787,8
2018,229
703,317
1674,402
925,55
2273,113
874,122
280,343
712,115
224,243
34,394
133,240
23,358
2700,234
1548,180
130,379
2755,4
397,354
503,5
18,69
1978,380
564,227
1966,2
225,397
1187,109
2023,306
309,293
834,363
2386,99
385,208
1827,396
1504,111
1318,259
1784,287
734,286
1325,2
2165,157
1034,378
1108,252
1049,113
2487,10
1658,148
2377,189
2325,128
2282,353
281,33
1475,228
2622,280
209,264
221,247
2057,302
1709,223
487,395
1334,228
2341,367
2260,96
2014,363
409,55
1487,271
23,350
1640,414
2164,223
991,333
1822,301
2279,260
265,165
349,171
1606,227
1630,224
426,20
1071,123
1903,179
2614,166
146,196
1729,162
189,214
1087,54
667,371
1576,317
1424,144
519,215
2191,269
2055,85
1494,297
1390,147
1639,85
190,126
741,27
2694,306
2770,414
371,14
397,287
2028,173
2100,129
1049,393
348,67
2445,339
1450,340
1736,294
2170,218
953,335
260,124
445,400
326,283
1499,328
782,259
779,30
879,85
1361,360
488,396
106,1
1726,261
2419,173
2500,226
389,114
51,188
2689,112
563,260
2543,392
1960,158
370,1
2763,372
2540,89
336,268
2609,311
2007,63
2448,293
475,251
1608,30
1436,62
144,131
1816,165
1798,377
1152,373
1010,337
667,377
1715,29
1430,195
328,350
594,66
105,134
763,0
1745,219
1726,56
2704,124
510,52
45,147
2395,380
785,351
449,218
820,375
803,350
2473,399
2292,32
573,237
897,247
2360,133
2646,322
864,241
1475,69
39,196
1735,46
150,258
1097,53
0,248
2369,370
2733,124
751,163
900,123
432,229
1037,50
474,296
179,25
2290,277
325,392
799,218
2624,180
1618,296
439,279
124,120
577,346
2471,46
501,353
570,256
2615,393
1959,230
2328,238
1408,86
447,382
2434,334
1727,362
1309,394
2637,316
1958,417
724,154
454,226
160,227
835,189
544,122
215,254
84,229
1396,333
1365,382
2485,2
2711,204
2098,119
69,168
749,126
415,75
144,9
2317,356
1465,193
2161,402
48,286
2628,292
280,320
2570,180
2744,0
663,401
1584,268
1991,27
1093,96
2179,255
1107,364
401,220
1939,164
834,67
1419,285
1008,22
1284,3
2214,282
2585,132
1942,167
2338,222
1232,256
2043,180
1838,148
930,119
398,61
902,115
1300,128
2764,100
328,367
2322,89
814,371
1580,365
2024,257
1162,271
665,218
1092,47
687,117
2022,19
947,164
1042,24
2282,184
2740,29
2305,145
234,235
378,392
1183,158
2397,198
2002,175
2243,245
2356,388
2154,126
1341,354
75,233
1551,215
1559,271
1706,197
2628,306
155,113
1142,273
1816,260
869,334
1781,230
891,199
1564,115
1961,277
275,319
1150,250
2036,403
1290,185
1198,46
1121,118
308,283
1403,359
343,246
136,137
2645,79
2222,34
1280,176
1957,134
1371,38
1920,238
1640,131
280,395
648,256
162,400
1267,212
1717,257
2106,392
1870,40
1268,10
290,304
1155,26
1924,80
1310,299
2646,314
643,65
1559,52
1466,199
2375,178
88,214
965,242
2004,150
903,241
498,76
946,281
2483,213
672,102
74,67
645,290
1186,73
858,202
720,287
2446,316
333,365
1418,2
355,257
354,385
2668,224
1551,48
1932,39
2556,136
769,317
165,116
379,247
1406,51
1036,9
2095,238
2006,370
195,185
70,192
2250,127
278,23
2507,105
231,339
2619,182
15,160
1271,346
147,349
2222,300
2629,375
230,302
577,192
2606,399
1294,219
2489,199
459,238
616,62
218,328
2578,300
2576,134
537,68
2649,326
1421,210
703,71
1591,4
634,393
460,341
439,222
516,199
235,262
1382,293
153,124
726,345
21,364
50,200
408,215
350,230
392,318
224,105
1517,300
1932,177
2313,239
296,244
345,371
1956,104
657,53
558,174
2477,37
64,152
1184,254
1458,156
2005,284
2032,23
745,94
2575,183
21,286
1645,333
1643,29
2492,333
1666,414
1071,360
934,186
1176,141
1548,199
2271,35
2224,32
30,171
2367,364
1108,14
305,347
864,30
1686,283
9,86
2168,58
145,165
2048,395
1764,53
910,47
216,350
72,218
1140,305
2414,175
2522,372
1332,294
807,378
1101,229
559,1
1870,127
1397,274
2732,174
885,414
477,284
2598,22
203,113
1876,277
1773,417
2356,251
1254,266
2585,128
2729,209
1746,291
2460,178
2611,141
1644,400
302,240
1166,198
4,76
2124,226
374,166
843,159
467,236
1305,346
359,10
21,44
296,204
194,215
1445,405
691,406
1397,139
2274,209
1850,137
2407,292
2263,108
1654,252
1643,190
336,344
1076,19
702,399
1786,354
894,165
1304,280
1475,65
2394,391
2768,8
1873,103
1897,27
1077,329
757,179
227,348
2048,215
1825,118
895,330
769,5
2224,379
1914,5
1201,192
1035,327
1158,11
1517,103
2620,128
285,297
1692,137
1604,211
365,197
56,211
2202,36
762,383
416,275
1626,310
1992,7
155,209
1078,282
1294,93
219,133
1359,288
2632,49
761,16
356,206
2730,157
2192,196
1394,282
1480,80
2637,94
2621,214
415,164
2734,411
1591,192
2603,144
184,305
790,63
1763,415
2515,92
1667,360
1953,17
497,188
1219,307
271,8
1273,371
1125,392
2005,316
1523,367
1815,247
581,165
694,104
2483,387
2417,232
1312,207
1285,381
77,327
2578,96
2350,70
836,136
374,274
1848,55
244,224
1365,382
2587,401
1161,171
438,254
1060,176
2344,290
1165,341
2088,36
1915,151
1504,222
833,210
830,192
1282,168
402,112
1494,298
1160,54
2679,136
2510,24
2165,342
725,379
921,378
1782,126
1976,376
463,357
953,280
1056,316
2678,365
1348,226
1390,298
172,300
1292,299
2171,87
2061,279
2413,230
1001,66
1429,87
1970,117
706,281
865,379
175,239
927,388
546,380
93,257
146,92
2531,148
2379,32
112,402
1878,123
310,355
456,356
529,50
80,348
487,102
2533,359
39,151
499,68
1148,136
1702,383
1424,149
2758,62
1649,40
2755,298
182,335
953,190
2555,78
2375,213
987,180
243,74
26,344
1696,382
383,99
2612,33
118,408
17,9
2309,48
2659,345
1183,296
391,277
418,209
42,313
1021,23
390,49
475,400
2525,390
685,312
1002,70
63,365
1413,294
2038,123
1220,278
254,200
1906,156
512,310
458,212
1201,70
926,361
109,266
154,188
1956,284
1785,388
259,183
2,284
1998,363
269,386
2763,244
1564,374
67,273
1345,307
189,132
2294,372
355,301
0,224
411,120
604,226
86,184
2030,256
448,60
1887,210
1711,52
1687,274
50,5
1075,194
2229,4
621,231
394,404
82,64
1854,2
841,347
1981,121
7,130
1741,161
1292,16
1387,193
1859,7
2532,104
345,164
2568,138
514,232
2540,166
683,19
299,222
1325,124
1833,134
1267,69
1589,262
1900,151
852,86
2686,82
252,218
1,384
526,74
1226,88
2411,225
1582,381
686,71
1099,12
1406,282
44,224
178,375
2103,407
460,413
60,357
2456,188
766,177
1021,336
589,50
2187,215
1743,356
480,395
1327,143
526,362
249,315
173,323
1452,72
593,130
2471,417
39,21
1237,78
2085,407
160,197
2135,191
3,182
2495,391
193,53
1831,198
2061,56
202,365
663,228
794,94
1183,134
2367,4
1011,160
6,73
1862,384
339,369
1559,284
2029,327
287,206
1986,130
1820,295
2435,282
368,337
1633,312
879,375
2361,138
191,170
918,139
2461,4
2201,284
2200,62
1869,95
1579,240
364,332
1664,145
1919,175
405,288
1156,386
1748,112
819,23
739,371
1159,127
425,217
1865,408
685,384
911,65
2250,60
696,308
1669,404
2735,122
621,404
2446,97
176,365
489,254
1140,215
28,51
1233,145
434,318
362,82
2185,349
1723,95
675,133
347,291
2130,282
6,113
285,236
2347,74
324,287
2708,14
85,112
2555,367
1051,288
1242,53
2509,130
1686,299
1735,352
2089,101
2375,274
2169,145
602,324
2260,413
413,152
2244,24
546,178
501,166
1881,211
1521,177
19,71
2471,406
83,247
674,257
1025,284
713,295
1943,67
818,405
1861,197
2435,226
2526,354
2195,29
546,112
1094,189
1182,388
2315,330
746,349
119,161
2660,317
792,367
1506,107
1315,257
1607,112
881,185
703,376
175,8
1633,368
2008,248
643,173
155,192
2012,44
228,154
825,177
2673,90
361,28
1962,52
545,52
1968,263
455,355
421,5
731,329
2609,89
967,98
1083,310
319,330
322,324
1292,83
845,224
1589,242
1659,126
79,158
397,115
857,214
66,6
1603,199
2696,237
25,146
2612,281
1957,169
25,45
1677,393
385,19
924,274
2292,286
622,46
1606,244
2018,317
2031,158
1126,142
1039,180
383,388
766,143
1478,221
667,157
750,330
1312,330
112,224
1419,175
106,66
1038,351
2064,168
2532,398
756,389
2083,133
687,114
733,351
2074,59
106,107
1124,176
1064,299
541,251
1173,378
307,347
1277,199
1000,359
2325,151
1072,106
1614,211
534,94
1280,281
1036,50
908,71
592,33
1952,274
1909,385
52,293
1872,322
41,331
2088,325
2030,322
1392,106
281,40
243,239
964,369
1290,105
2647,226
832,365
708,31
2203,241
2627,385
405,162
2118,324
1790,14
19,273
127,223
2675,198
2450,304
540,356
2478,290
575,337
2308,247
2357,372
398,332
1680,12
1818,144
990,261
343,195
1864,67
270,87
311,135
754,14
2554,109
1208,402
263,74
2541,204
1233,35
643,344
1925,319
667,293
1296,80
2611,210
2759,288
2200,210
2424,153
699,73
1267,171
166,391
2251,326
1977,165
2061,12
1692,113
1094,250
468,98
2066,332
300,214
591,70
325,368
58,257
42,199
294,79
887,132
1002,54
690,110
818,41
1346,368
845,73
1792,222
914,384
2391,334
2118,56
2518,397
2593,254
993,266
2484,317
1423,264
1521,295
1827,122
1025,367
1220,372
2482,361
763,411
327,198
678,390
1580,58
324,102
1673,362
841,94
323,219
1881,139
756,244
706,144
79,299
706,150
551,148
93,18
2468,254
478,20
677,337
1440,15
164,4
2350,244
898,228
276,319
424,349
955,314
1930,100
518,390
2395,259
829,365
2080,361
1817,353
1560,200
1179,387
2411,337
1522,225
30,113
1917,123
2045,214
962,414
964,368
1862,271
1552,359
1224,76
199,334
642,250
1984,47
1290,32
2061,247
2054,276
530,402
506,192
2221,322
1437,148
168,106
2431,109
2384,41
48,379
802,41
2159,0
583,111
2202,287
137,70
2654,136
365,45
1846,90
441,150
546,212
1926,48
685,390
154,171
1847,1
1483,50
1731,100
301,355
2657,402
1751,289
1212,207
24,305
2631,73
645,104
672,307
705,343
205,142
805,190
2183,401
346,395
1835,26
1250,127
1013,43
306,196
2235,345
411,221
957,283
2343,187
2509,405
2534,249
2559,26
2126,129
58,192
2459,180
1530,113
780,249
1111,47
1575,357
1125,377
684,0
956,99
938,381
1254,208
2730,358
340,166
538,260
926,257
819,147
2290,355
249,154
2648,363
1181,42
2640,135
1239,143
1026,188
1150,159
2003,168
835,263
2633,179
2017,370
2293,123
1436,408
384,222
15,196
712,199
2357,148
2297,78
1644,45
1462,296
293,389
29,151
1985,385
2099,288
288,176
1504,180
968,406
2758,177
611,218
1266,349
1840,26
2275,391
2213,318
822,277
418,58
1009,150
1941,294
1824,57
734,352
538,226
2575,33
928,229
105,260
135,311
219,355
1617,307
2474,42
464,407
1500,97
106,331
727,39
716,223
51,146
1184,301
991,305
1409,313
2347,364
2665,171
171,102
2517,149
355,171
644,192
2515,177
1626,194
1783,36
2664,378
2493,83
583,162
968,209
115,199
1246,204
1549,280
1475,317
518,71
1114,15
366,396
362,50
1370,10
1500,367
1605,381
1514,278
2329,264
307,117
1776,384
182,360
233,240
128,384
1248,46
937,269
633,105
2478,397
1068,326
1596,97
1569,306
823,395
533,309
1821,414
2609,142
2180,310
290,24
2707,231
1142,248
779,154
111,361
2264,181
2306,38
903,141
1968,357
842,176
20,24
2204,69
1963,54
2610,168
995,188
1170,265
2136,328
1471,228
2003,67
341,66
1702,373
2238,394
1877,306
2738,130
2711,48
1123,367
1371,79
391,80
13,294
631,353
2496,294
11,413
434,417
98,101
2672,253
1831,378
2476,123
712,195
267,263
1642,356
1003,407
950,121
697,130
380,332
1284,43
201,157
2762,291
2354,218
1702,357
1117,151
659,132
1342,163
281,75
1829,116
2657,217
5,94
2421,341
689,183
2378,75
671,143
1679,312
339,405
118,411
706,230
862,288
61,320
974,169
2227,149
583,381
522,102
1549,251
1382,16
332,267
777,97
1992,388
240,389
1400,33
127,179
698,81
973,107
131,184
50,276
412,211
473,188
1,116
698,134
1293,139
82,57
2130,295
878,294
727,54
2108,81
1465,245
192,83
840,14
728,38
531,97
147,180
1378,192
1368,48
676,116
0,210
1288,126
1722,111
572,367
2270,140
763,64
819,108
2205,179
589,21
2655,194
415,351
2564,225
162,251
1983,366
586,293
2242,295
2317,13
2553,37
1383,35
2744,329
715,4
1382,309
300,198
1918,94
1274,39
1656,228
404,223
1115,99
2087,59
302,267
2371,140
670,188
2742,367
2160,348
36,415
0,133
304,61
1617,66
1294,43
1296,199
1798,355
1799,214
123,162
1699,262
453,61
1938,250
1483,365
1946,224
2264,322
2649,103
2181,250
3,284
1183,238
1358,152
109,364
1271,393
58,313
1386,56
1963,71
1739,236
277,33
1659,154
527,315
1043,374
1370,15
2630,329
1902,67
2525,69
226,46
41,286
1952,359
69,344
183,208
101,349
1868,158
1793,415
433,87
1869,25
1534,59
890,110
101,264
2043,298
1215,11
424,401
1058,135
2506,135
521,126
1860,49
56,283
1234,246
765,137
350,328
2051,62
2480,46
1517,208
2273,83
2126,361
2554,176
850,119
200,76
1395,60
481,188
186,119
1474,119
2250,250
1086,352
1115,387
243,327
893,319
1885,167
267,340
1417,255
2123,165
712,387
1953,99
1542,172
178,25
732,404
300,137
1087,264
1928,333
1436,211
1012,88
269,51
115,191
2262,232
2185,210
2653,243
478,390
114,80
1556,321
2240,74
255,51
2120,89
190,204
31,225
358,69
190,44
1423,375
2537,295
120,381
555,149
1825,25
157,49
5,260
1243,90
1939,408
160,335
220,267
2283,56
2292,166
44,313
1112,137
531,290
2278,136
2292,238
790,335
19,201
1310,29
2341,27
1264,103
1754,312
1729,18
2075,219
2036,221
528,97
5,282
1127,414
1515,403
1022,359
208,306
1838,228
514,5
1468,131
624,283
2018,226
14,413
1163,319
2456,247
2392,82
1529,30
1520,238
1618,48
2466,274
640,235
1876,75
2121,352
1905,205
686,338
176,206
2494,8
2278,289
132,89
833,375
256,374
1583,166
2665,168
363,94
1831,305
2049,185
2422,6
325,64
71,197
1954,315
58,63
109,389
65,193
950,336
417,366
44,126
2739,395
1404,293
521,366
887,403
925,236
2502,136
2738,288
2259,342
2421,221
2465,139
2499,133
1394,245
1345,212
483,260
1287,274
169,109
1281,179
303,365
2237,134
2338,70
5,149
541,24
230,261
1524,394
1745,202
959,125
2690,189
2189,379
195,189
2140,142
1251,271
2423,259
749,206
1176,389
2438,95
475,309
1303,232
1221,92
2491,137
0,386
85,242
113,39
2220,92
1226,226
2537,102
1805,171
674,169
1161,102
2203,53
785,329
2007,227
386,206
448,275
2187,32
861,367
925,133
1886,312
62,175
7,413
2498,120
2267,55
2514,28
1993,168
2541,319
2155,294
511,230
90,45
2312,166
2492,165
2353,361
1368,96
287,141
2103,326
919,16
1113,402
1251,275
1513,261
70,82
701,52
1966,200
24,283
1895,225
2054,253
1133,316
1847,282
2747,230
2195,374
181,156
1479,249
2331,66
1489,329
1779,413
622,372
1864,237
16,222
633,118
2057,12
290,115
2040,327
2480,366
507,33
1426,79
964,101
882,245
109,45
1032,114
999,20
920,251
1875,416
91,19
1421,142
1799,188
1078,330
833,187
2011,149
2442,361
345,392
684,167
362,151
1456,294
1530,312
916,277
2128,90
124,115
12,75
2694,306
1560,263
1412,176
1200,236
987,413
1024,164
223,185
715,250
1964,99
2624,187
1645,244
2306,203
1367,70
830,139
1775,48
2616,408
371,14
16,284
325,182
1043,108
1258,150
2477,237
2560,63
914,105
9,223
14,290
1683,166
91,78
574,388
520,210
1949,41
2709,68
336,119
334,398
1996,29
313,60
1703,155
1115,385
44,72
1112,277
4,300
921,141
2755,370
1234,268
2626,230
897,388
1275,74
862,308
399,305
2072,382
927,327
149,363
6,96
760,382
305,163
2489,193
2158,135
2302,241
2121,367
1308,179
21,142
810,234
458,332
1990,400
805,212
1547,297
2057,335
2146,103
130,233
2287,248
1475,120
1385,200
2752,212
875,257
1714,402
1568,296
756,185
1396,284
748,277
256,386
291,51
1242,227
53,352
306,121
1389,304
1001,177
1029,394
1397,290
1427,312
2349,266
291,251
1902,249
2113,363
2595,312
616,41
2141,159
758,364
2371,170
991,150
1630,12
2384,268
2600,251
310,19
905,173
1701,158
217,180
1011,217
2153,87
1766,249
799,253
1402,399
1392,400
2638,370
2151,403
2497,91
2270,185
42,353
2636,262
1577,372
222,249
353,43
924,225
70,326
562,416
1534,146
197,166
2664,342
33,214
1237,92
2045,321
312,186
1728,126
2,181
125,242
982,408
1939,347
11,42
1542,236
2349,13
116,327
823,386
1722,160
2129,409
154,306
1465,374
1610,17
2723,7
158,7
521,73
203,97
975,306
1844,19
79,403
1747,270
1083,352
1358,279
1583,318
1545,289
1210,123
165,266
1361,114
10,409
2430,334
263,346
1363,260
1556,61
1061,232
1951,142
569,60
2119,375
1800,89
2588,309
306,372
1124,353
26,250
1325,101
733,228
530,408
160,213
2112,171
510,180
2358,94
988,353
418,298
2353,417
228,313
243,86
850,368
2696,87
943,232
1982,121
1060,69
2549,388
1869,7
2710,47
1277,158
529,54
374,189
1921,281
2058,40
885,351
1382,1
1385,71
1668,210
1016,159
2486,14
209,246
455,62
222,42
2317,292
122,236
2126,220
1262,273
1296,341
156,270
2647,339
1651,359
2687,374
1146,262
2580,264
1744,74
763,225
336,92
1676,280
956,195
1589,71
2381,113
708,173
928,271
2226,110
52,307
1696,72
195,13
282,408
119,347
2222,149
1385,137
565,209
1732,181
1375,81
68,209
2288,210
2409,112
1291,340
1613,258
1234,96
273,295
1309,352
79,37
2378,289
2719,6
108,185
1065,59
2688,341
1094,45
781,328
445,72
363,340
2201,91
1427,115
1984,401
2725,309
2672,15
1331,307
493,312
2359,309
1692,201
2445,86
1317,29
383,1
2325,182
1770,342
748,361
1768,330
1012,306
2052,170
2229,58
131,363
319,43
2115,136
438,135
2134,365
2740,178
1916,405
2589,191
1109,261
555,17
2430,368
1344,205
2316,346
357,278
1971,37
202,160
2398,53
1768,218
2698,38
2698,125
162,65
2364,176
1271,159
529,124
98,29
1572,106
2732,22
2145,258
1658,186
41,409
1265,200
1216,323
1312,325
1371,129
838,225
86,62
2060,209
356,292
2647,30
2323,19
928,12
1477,319
742,381
1260,81
869,296
1273,155
2167,71
763,398
49,194
1011,248
1342,218
6,228
540,179
1995,185
571,166
943,85
857,317
1977,284
1860,395
625,72
1037,235
1680,200
310,35
1885,23
2555,146
1839,38
214,361
2152,120
1004,45
2342,193
1674,124
2656,385
279,70
2417,22
1477,181
775,148
360,243
2109,363
603,414
1148,286
1017,114
1629,323
2659,287
1548,75
2257,244
65,143
2513,357
2748,219
1489,130
976,68
2524,25
1820,319
54,1
479,245
145,196
2635,9
2272,270
1418,94
2494,110
1046,363
988,367
1765,250
1971,57
2756,178
2522,231
1267,86
1854,276
992,255
1080,327
1795,295
967,14
156,51
2666,124
289,328
1306,55
2637,254
1015,20
1420,52
2747,196
1683,340
715,41
394,349
181,278
517,5
2401,200
79,89
2351,154
653,23
185,94
1353,151
861,66
483,188
2509,385
474,288
2009,196
1299,206
524,182
360,158
1272,283
2428,331
330,321
672,240
1871,2
2568,271
1256,293
2414,144
2497,386
1999,344
1268,164
1780,8
1390,195
17,169
1080,366
556,370
941,176
1703,37
1981,27
1029,47
75,115
2643,353
1250,125
1068,325
302,87
1069,43
882,218
431,298
1640,177
1318,255
1621,293
1828,364
1406,75
77,29
2030,3
1205,30
60,416
556,221
1502,262
1772,13
1133,198
2592,143
2036,330
960,37
2365,72
302,358
2429,122
698,29
1234,283
25,162
1112,241
2752,322
1748,51
452,305
1633,408
680,99
1568,408
2083,221
1791,270
1616,11
213,194
1747,168
2467,349
287,160
561,93
1448,303
706,269
1475,178
2580,302
692,65
264,159
1354,203
91,20
2034,92
431,243
2725,266
306,132
2024,314
296,276
2327,60
510,323
2477,266
961,261
36,166
2538,134
1086,364
2105,333
842,7
1735,395
288,17
366,320
186,37
2631,140
1602,58
373,355
942,40
1459,227
2242,213
2474,339
351,127
1214,404
982,388
1489,227
2302,15
2754,7
905,188
370,14
244,408
619,362
50,102
2404,131
2703,60
405,200
775,326
104,376
276,108
1182,368
198,229
2034,179
2308,358
42,305
617,142
285,355
940,173
716,256
62,35
2179,347
1567,387
1450,415
446,64
329,210
1337,102
1852,34
1349,265
500,335
70,34
1372,240
1291,80
132,324
1095,217
375,171
472,385
2124,64
179,18
1178,340
253,104
525,269
171,55
2102,0
1700,151
462,89
2534,383
2736,130
1319,276
1323,105
1102,261
498,88
758,106
817,21
1780,396
906,71
523,208
1636,307
1340,197
83,87
0,341
1355,173
2133,39
1482,134
2459,162
2311,416
2479,328
1305,284
1423,146
2025,14
657,62
2251,90
373,178
862,322
76,315
1447,81
2144,372
1152,257
2301,134
1293,230
2115,253
1412,70
0,1
1767,22
2737,347
2427,269
1783,15
2731,378
659,46
734,188
722,22
603,312
315,70
124,188
1218,96
1484,37
38,366
674,237
1510,83
2601,128
1685,137
2732,393
549,4
720,330
2661,97
975,180
5,78
2693,86
2201,100
867,268
2349,101
2304,154
1334,173
1364,233
2470,378
525,144
78,296
2628,258
879,33
2692,157
1249,10
1069,50
2013,8
1883,280
1606,162
462,362
691,233
218,214
2216,88
336,177
490,285
2318,184
13,406
1284,272
2215,335
464,23
1532,97
906,384
41,376
1706,235
2038,337
2657,305
2577,408
919,290
1848,255
1147,38
313,175
1121,9
525,414
2183,364
1179,88
983,288
2741,33
247,139
1385,154
600,395
1920,339
2522,417
1444,364
1686,401
1391,224
2085,203
617,236
239,74
569,136
713,351
2359,215
1914,139
1459,86
1210,377
235,119
779,131
425,72
2228,261
2220,134
2670,66
1806,320
1150,159
2003,201
568,63
2078,287
2321,252
2467,218
2250,248
2671,31
15,174
1444,302
2073,51
340,78
2026,259
1467,280
1192,76
198,166
281,171
982,275
1329,118
1546,405
1971,41
1615,155
158,166
2541,389
2757,406
1586,187
921,274
1991,223
1826,69
1180,311
1626,200
2035,47
1925,100
1799,1
513,40
1941,217
1504,24
1632,345
1017,213
1702,148
1288,388
1722,282
846,337
1452,388
2698,267
1882,194
562,110
0,364
284,333
326,13
1788,51
329,70
2381,134
1853,390
2051,188
270,406
2485,159
505,342
2562,144
2268,204
2032,60
2529,313
634,366
1166,121
1815,336
1537,413
1136,36
853,57
2185,11
9,28
952,353
1781,208
1850,249
2742,40
905,374
2352,316
2764,281
1297,173
575,148
192,74
266,13
1631,286
189,307
636,32
246,262
2316,269
1614,19
833,93
185,190
52,152
446,355
2127,171
1589,220
864,314
1513,199
242,147
1342,320
2572,5
2260,243
1783,203
228,404
1660,134
122,276
508,229
2718,196
1334,306
363,353
1069,386
954,128
876,99
2218,42
2047,220
297,134
2047,368
15,357
1078,43
2616,255
2169,194
722,210
577,223
2639,48
1328,52
1828,145
1166,1
2740,87
1482,369
1345,40
830,155
396,332
407,91
1832,304
853,361
1566,138
661,76
102,192
287,348
1780,119
1764,41
1162,161
1430,347
122,1
1693,116
754,188
2211,378
2190,6
2443,366
147,23
401,260
15,192
1185,203
2623,38
241,230
418,407
2136,307
1839,94
640,240
1219,138
87,121
1551,202
1243,116
1099,366
1575,24
2433,17
162,236
1466,167
1047,301
2576,8
701,132
2402,160
334,345
2419,209
1100,56
1933,235
2144,153
414,320
2318,49
83,299
110,400
2533,245
2295,307
2669,179
2328,130
248,324
1311,404
840,339
9,334
1755,236
10,324
1428,149
1049,328
639,137
916,116
29,110
306,275
499,106
1805,265
1368,68
2391,259
875,408
1132,49
2556,268
644,60
2582,307
605,390
1046,30
2034,161
433,345
442,103
2675,223
2769,31
1702,156
1589,154
867,95
772,2
2640,417
919,11
217,53
2217,286
793,8
237,245
1183,292
751,174
1217,8
2677,113
837,403
1191,416
931,329
1377,110
1075,285
1031,2
2627,81
1358,215
564,370
233,146
531,391
2318,132
1318,41
1181,6
1522,21
2515,132
884,354
2181,397
699,371
0,189
294,229
368,324
1683,360
798,54
1608,214
1944,232
147,166
1738,187
2625,94
1591,141
1215,252
885,175
113,304
517,278
1480,56
2477,6
738,217
1733,257
1463,157
1776,27
181,293
2190,64
675,160
231,17
2694,141
1931,350
1907,229
1350,339
1755,408
1158,249
446,308
2613,8
1052,115
91,2
2197,200
2414,76
2556,297
1435,402
548,191
146,335
599,163
2027,367
1346,37
215,8
428,109
668,116
1331,100
1926,53
478,17
2671,188
966,48
281,290
2325,123
962,268
1597,72
683,412
1454,173
566,31
1305,88
2244,101
1615,214
1730,78
150,122
1764,322
1744,112
1567,269
5,14
1344,118
2087,167
562,85
2090,88
1173,330
70,119
2475,144
2621,43
1269,330
535,161
1202,379
87,368
2626,223
2138,208
948,199
1657,247
1000,68
1161,309
1431,248
2411,186
2721,403
2198,410
2101,156
341,376
1467,399
1628,400
1077,27
1692,375
1800,397
2415,33
583,355
1732,141
2755,314
994,30
2735,82
2489,259
1244,359
1657,44
44,55
523,319
2125,274
2510,386
109,375
2226,232
1492,243
588,307
567,158
1245,102
234,42
1322,74
772,255
1047,88
1250,64
2608,139
503,290
954,201
1096,319
2117,13
2477,33
2350,345
1935,110
2733,388
317,219
70,158
1017,165
485,318
1847,360
1071,6
1922,330
2118,189
661,331
1360,53
1082,200
2702,152
2331,48
1338,171
26,66
2487,65
684,115
1763,143
957,201
1743,182
2650,316
1163,52
1946,397
2544,322
2641,274
1161,60
562,64
260,0
544,93
26,26
1929,232
448,413
79,134
1532,335
2587,225
386,136
1825,346
2215,285
1151,251
1765,6
1400,259
2753,299
925,31
1440,264
1520,333
2588,117
1604,121
1734,285
2720,9
905,111
1296,254
1811,352
765,174
1371,134
2561,316
1945,197
844,190
573,227
1478,37
430,382
671,205
410,338
1751,245
1356,375
1583,11
1841,358
88,204
2239,341
273,335
216,63
364,119
838,153
1230,338
2543,176
2676,303
126,328
353,158
2038,415
1813,95
1251,252
606,229
1807,323
2639,10
1528,15
52,371
292,257
889,394
501,363
942,59
2539,359
2283,208
2637,367
648,37
850,316
2244,305
623,324
1979,106
1782,210
920,208
1956,371
1897,72
2358,172
383,47
1986,336
261,5
2039,357
1833,335
1258,329
2698,373
1114,398
1091,230
2359,102
2727,308
2340,93
2160,68
1856,379
521,148
781,166
2410,361
353,295
2705,396
897,4
1297,338
349,63
2216,345
2276,179
1439,72
1039,254
2377,64
1551,49
2345,174
2587,325
660,283
1673,193
267,342
672,157
134,147
732,282
642,33
2125,293
1539,213
1115,194
1774,243
1159,119
1492,305
217,402
1261,370
464,183
256,257
1613,187
373,341
817,396
509,105
617,115
46,112
358,215
1853,399
506,413
116,26
551,2
502,129
2259,215
511,53
51,44
1823,3
427,121
1868,4
2723,288
1064,209
292,18
1852,324
849,130
1302,87
8,323
2591,291
1228,322
1025,3
2138,120
1840,351
1115,288
560,194
1961,152
1256,391
2673,371
126,35
1191,316
1776,22
835,124
1684,311
2027,86
878,322
547,10
2214,267
811,244
2098,104
509,369
2511,91
620,109
402,147
114,226
1249,382
362,167
2096,354
2148,305
2179,319
229,227
38,128
1393,353
1402,134
1552,205
775,219
113,373
1563,107
1568,37
1583,288
1488,129
760,215
770,303
1355,105
927,57
626,177
1665,364
731,155
1886,182
26,352
90,402
2496,282
2747,157
679,66
1702,321
2682,171
1702,44
2545,331
513,249
2731,0
431,242
1369,390
1564,47
1142,16
1381,71
1793,370
285,93
1531,244
168,406
105,201
2414,297
1358,165
518,46
76,11
2459,413
1551,85
1552,79
0,137
1134,266
450,104
1725,269
2258,128
2357,154
206,94
1595,352
2497,336
600,390
2620,378
1801,37
434,286
2025,211
1887,197
1200,39
1113,186
29,203
691,68
726,280
1807,384
589,405
2099,42
115,302
2413,393
1102,379
1489,285
2387,245
1490,98
762,59
1976,153
1138,101
2182,386
1673,100
2290,2
1656,369
1798,307
2634,181
215,133
305,284
1757,271
1066,361
1284,366
333,232
1067,12
1279,229
1908,111
1688,83
635,230
42,388
1318,378
376,70
978,27
2485,242
349,127
1487,32
1116,347
1913,124
1201,385
198,210
2751,257
384,359
2550,100
1967,312
454,23
2051,6
1885,364
1062,156
1955,237
229,197
2225,389
691,63
2643,94
1493,274
1237,289
1357,130
686,262
1473,414
999,244
2265,417
1657,290
411,182
1931,183
291,398
207,224
2167,81
2697,403
696,363
3,352
2300,34
1137,134
1529,180
199,220
2050,322
253,66
657,114
358,374
2740,359
2490,234
569,33
492,117
203,37
705,289
1431,7
70,141
614,374
2517,274
1217,243
1153,184
2428,27
2052,165
712,156
2748,379
2042,59
541,128
266,22
1692,10
844,225
2111,382
29,279
766,209
732,30
533,413
2104,365
1397,79
1630,8
2732,82
1860,273
355,160
2382,67
208,343
2113,36
1364,204
92,407
564,307
139,180
120,388
39,3
1505,103
94,150
616,199
2423,331
1228,11
2213,99
2645,54
431,83
1589,243
2528,66
2019,30
2219,57
844,403
1676,36
499,148
1331,105
2731,368
752,324
2607,379
1703,218
1743,9
910,146
1670,128
965,73
816,157
2375,5
1056,327
195,169
1384,362
1154,41
2393,155
2737,32
79,188
34,318
629,332
1519,1
60,310
2362,243
2350,290
2399,55
2495,410
1664,401
781,138
633,214
2607,123
1730,317
109,234
1306,296
273,146
2701,155
2591,185
1214,11
576,388
304,267
230,159
2435,139
2575,344
2093,143
2307,144
720,290
1372,205
12,67
1098,233
839,307
1695,280
1033,130
142,149
750,287
1252,48
1502,236
35,358
43,37
1089,327
1220,216
2070,294
1810,391
2590,35
2190,66
2478,258
753,392
758,64
2009,2
2018,169
2078,23
1561,171
2648,159
754,67
898,201
314,214
1185,65
2565,38
1942,62
42,181
2215,56
67,107
2138,270
2460,160
409,45
1391,366
2036,343
947,82
9,102
2013,287
1347,412
1389,302
1485,304
287,235
2037,361
51,71
1040,105
2663,330
2685,192
2387,398
1073,115
1850,160
1762,176
2074,278
1033,55
2319,381
2059,178
1636,397
1655,320
861,388
88,242
259,331
1756,371
2080,304
7,188
1572,272
2627,406
1238,415
1800,312
2203,5
2359,319
36,45
1274,89
1066,170
2281,169
1380,414
897,287
2520,102
1208,342
123,6
1659,266
2701,290
631,112
1605,11
2174,158
176,194
871,247
1924,66
1576,62
2447,258
1657,264
305,351
2042,98
522,93
1850,386
247,135
2654,349
1030,7
167,314
1227,375
1752,146
2534,381
2224,76
1732,358
102,296
71,42
2479,184
470,397
129,200
1398,88
542,353
29,35
109,199
1686,390
2578,361
632,325
2004,266
1556,78
2276,101
560,334
779,214
799,187
1962,65
416,374
361,366
666,220
132,397
1532,54
155,336
2538,38
2370,363
1564,310
14,149
675,140
1825,344
1811,80
2227,138
2324,149
2575,390
1385,342
1604,0
2543,160
2262,174
30,7
1084,325
1068,96
1927,263
518,248
2,413
372,49
865,52
1160,65
222,59
172,165
172,35
2390,314
1,269
655,206
1361,329
1439,391
2321,357
1540,206
827,304
643,138
262,0
1042,273
294,54
5,262
1640,157
1681,339
374,416
280,414
1163,182
435,415
2240,281
111,286
1455,185
406,15
97,298
1333,360
124,258
1303,346
2393,144
556,188
218,204
863,389
1039,286
1715,46
2309,114
1335,365
237,233
2063,162
2632,311
120,313
1514,303
381,357
311,26
560,366
1289,94
2151,400
851,406
1332,278
749,140
2436,114
1861,227
1385,347
1195,107
1530,195
1067,246
522,75
768,216
323,213
37,196
113,412
1390,375
1986,253
1182,374
1195,11
1356,315
1843,335
2544,213
4,366
870,205
1655,108
42,38
1468,105
70,68
2393,70
406,357
2178,410
1214,379
1555,184
1814,202
1343,171
278,79
909,311
2382,18
2259,389
1220,321
666,3
981,378
1213,38
1320,227
911,280
333,114
1553,378
2121,375
1883,50
1582,177
772,5
253,386
1581,371
2326,229
98,105
1215,212
1882,317
409,199
1931,216
606,183
385,325
1212,337
1460,393
1732,366
2608,313
694,24
351,340
1614,313
478,363
1273,193
2444,61
266,337
204,95
88,216
306,253
1790,28
737,66
2276,397
1575,216
1555,286
1266,259
412,86
2752,312
1617,206
1118,223
2586,380
1086,108
1600,273
2137,223
1712,149
1412,284
1576,175
326,8
2296,328
296,3
1181,315
825,365
1786,361
1642,262
571,324
141,334
